customerID,gender,SeniorCitizen,Partner,Dependents,tenure,PhoneService,MultipleLines,InternetService,OnlineSecurity,OnlineBackup,DeviceProtection,TechSupport,StreamingTV,StreamingMovies,Contract,PaperlessBilling,PaymentMethod,MonthlyCharges,TotalCharges,churn_probability,churn_pred
C100000,Male,0,Yes,No,37,Yes,No,DSL,No,No,No,Yes,No,No,One year,Yes,Credit card (automatic),58.81,2194.11,0.22933865522661445,0
C100001,Female,0,No,Yes,52,Yes,Yes,DSL,No,Yes,No,Yes,No,No,One year,Yes,Mailed check,68.97,3594.79,0.25368215932630184,0
C100002,Female,0,Yes,No,32,Yes,Yes,DSL,Yes,Yes,No,Yes,No,No,Month-to-month,No,Bank transfer (automatic),72.99,2305.21,0.3957865380500968,0
C100003,Male,0,No,No,29,Yes,No,Fiber optic,No,Yes,No,No,Yes,No,Month-to-month,Yes,Electronic check,78.54,2260.32,0.866542044654743,1
C100004,Male,0,No,No,57,Yes,No,Fiber optic,Yes,No,No,Yes,No,Yes,Two year,Yes,Electronic check,83.8,4772.76,0.3241836422215906,0
C100005,Female,1,Yes,No,56,Yes,Yes,DSL,No,Yes,No,No,No,Yes,Two year,Yes,Credit card (automatic),68.77,3870.53,0.41567328321616903,0
C100006,Male,0,Yes,No,14,Yes,No,DSL,No,No,No,No,No,Yes,One year,Yes,Credit card (automatic),62.63,865.72,0.39557933526461997,0
C100007,Female,0,Yes,Yes,59,No,No phone service,No,No internet service,No internet service,No internet service,No internet service,No internet service,No internet service,One year,No,Mailed check,21.23,1228.14,0.050069099718036816,0
C100008,Male,0,No,No,23,Yes,No,Fiber optic,Yes,Yes,No,Yes,No,Yes,Two year,No,Electronic check,91.07,2123.49,0.4128152109981478,0
C100009,Male,1,Yes,Yes,9,Yes,No,Fiber optic,No,No,No,No,No,Yes,One year,No,Electronic check,73.36,645.55,0.6510161708179417,1
C100010,Female,0,No,No,63,Yes,Yes,DSL,Yes,No,No,Yes,Yes,No,Month-to-month,Yes,Credit card (automatic),75.79,4751.98,0.37336793507559085,0
C100011,Female,0,Yes,Yes,17,Yes,Yes,DSL,No,No,Yes,No,No,No,Month-to-month,No,Electronic check,62.6,1068.74,0.7837641423854719,1
C100012,Female,0,Yes,Yes,14,Yes,Yes,Fiber optic,Yes,Yes,Yes,No,Yes,No,Month-to-month,Yes,Electronic check,88.72,1241.04,0.9202129312242923,1
C100013,Female,1,Yes,No,19,Yes,No,Fiber optic,No,Yes,Yes,No,Yes,No,Two year,Yes,Bank transfer (automatic),83.24,1571.64,0.7562647000686924,1
C100014,Female,0,Yes,No,35,No,No phone service,Fiber optic,Yes,No,Yes,Yes,Yes,No,One year,Yes,Credit card (automatic),81.92,2867.07,0.32357621694513045,0
C100015,Female,0,No,No,11,Yes,No,No,No internet service,No internet service,No internet service,No internet service,No internet service,No internet service,Two year,No,Electronic check,29.8,309.33,0.21183913319789438,0
C100016,Female,0,No,Yes,11,Yes,No,DSL,No,No,No,Yes,No,Yes,Month-to-month,No,Credit card (automatic),62.1,672.85,0.548668641615674,1
C100017,Male,1,Yes,No,28,Yes,No,Fiber optic,Yes,Yes,No,Yes,Yes,No,Month-to-month,Yes,Electronic check,89.4,2502.45,0.8022921228449054,1
C100018,Female,0,No,Yes,15,Yes,Yes,DSL,No,No,Yes,No,Yes,Yes,One year,No,Bank transfer (automatic),72.23,1042.78,0.46977713154344,0
C100019,Male,0,No,Yes,13,Yes,Yes,DSL,Yes,Yes,No,Yes,No,Yes,Two year,No,Electronic check,80.4,1064.28,0.450781764201697,0
C100020,Female,1,No,No,65,Yes,No,Fiber optic,No,No,Yes,No,No,No,Two year,No,Credit card (automatic),80.5,5204.78,0.2640240425572093,0
C100021,Male,0,No,Yes,42,Yes,No,No,No internet service,No internet service,No internet service,No internet service,No internet service,No internet service,Month-to-month,No,Bank transfer (automatic),30.33,1255.29,0.18089555122738132,0
C100022,Male,0,No,No,0,Yes,No,Fiber optic,No,No,No,Yes,No,No,Two year,Yes,Credit card (automatic),73.01,0.0,0.6022338405677676,1
C100023,Female,0,No,Yes,7,No,No phone service,Fiber optic,No,Yes,No,No,No,Yes,Two year,Yes,Bank transfer (automatic),69.6,498.58,0.7238262855281986,1
C100024,Female,0,No,Yes,58,Yes,No,Fiber optic,No,No,Yes,No,Yes,No,Two year,No,Credit card (automatic),80.03,4643.29,0.3491987232620271,0
C100025,Female,0,No,No,19,Yes,Yes,Fiber optic,No,No,No,Yes,No,Yes,One year,No,Bank transfer (automatic),86.89,1616.77,0.36324865506764864,0
C100026,Male,0,No,Yes,10,No,No phone service,DSL,No,No,No,No,No,Yes,Two year,Yes,Bank transfer (automatic),54.11,528.94,0.5357568323748026,1
C100027,Female,0,Yes,No,47,Yes,Yes,Fiber optic,No,No,No,No,No,No,Month-to-month,No,Electronic check,76.48,3590.12,0.6944012458658398,1
C100028,Female,1,No,No,60,Yes,No,Fiber optic,No,No,No,No,Yes,No,Month-to-month,No,Credit card (automatic),77.34,4637.71,0.5347018932569552,1
C100029,Male,0,No,Yes,28,Yes,Yes,Fiber optic,No,No,No,No,No,No,Month-to-month,Yes,Mailed check,73.0,2066.77,0.7629649260506284,1
C100030,Male,0,Yes,No,53,Yes,Yes,No,No internet service,No internet service,No internet service,No internet service,No internet service,No internet service,Month-to-month,Yes,Bank transfer (automatic),36.71,1985.44,0.24912281631753846,0
C100031,Male,0,No,Yes,30,Yes,No,Fiber optic,No,Yes,Yes,No,No,No,Two year,Yes,Bank transfer (automatic),77.13,2326.23,0.6060764616670624,1
C100032,Male,0,No,No,7,Yes,No,DSL,No,No,No,No,No,No,One year,Yes,Credit card (automatic),55.14,375.27,0.4270257586171056,0
C100033,Female,0,Yes,Yes,57,Yes,No,DSL,No,Yes,Yes,No,Yes,Yes,Month-to-month,Yes,Bank transfer (automatic),74.39,4264.6,0.6273342330073939,1
C100034,Female,1,No,No,66,No,No phone service,Fiber optic,No,Yes,No,No,No,No,Two year,Yes,Bank transfer (automatic),58.67,3860.55,0.4497624842121094,0
C100035,Male,1,No,No,70,No,No phone service,DSL,No,No,No,Yes,Yes,No,Month-to-month,No,Bank transfer (automatic),60.18,4160.08,0.2983139971016136,0
C100036,Female,0,No,No,7,Yes,Yes,Fiber optic,Yes,Yes,Yes,Yes,No,No,Month-to-month,Yes,Bank transfer (automatic),93.69,630.83,0.7852975629968051,1
C100037,Female,0,Yes,No,40,Yes,No,DSL,Yes,No,No,No,Yes,No,One year,No,Mailed check,60.07,2355.56,0.16604611981700002,0
C100038,Male,0,Yes,No,44,Yes,No,DSL,Yes,No,No,No,No,No,Month-to-month,Yes,Credit card (automatic),62.5,2742.52,0.42779355364934407,0
C100039,Female,0,No,No,5,Yes,No,Fiber optic,No,Yes,No,Yes,No,Yes,One year,No,Credit card (automatic),85.24,422.64,0.41341477219493755,0
C100040,Male,0,Yes,No,68,Yes,No,Fiber optic,No,No,No,No,No,No,Two year,Yes,Bank transfer (automatic),72.47,4896.2,0.3127918265025596,0
C100041,Female,0,Yes,No,7,Yes,No,Fiber optic,Yes,No,No,No,No,Yes,Month-to-month,No,Electronic check,81.19,551.24,0.765947935865355,1
C100042,Female,0,Yes,No,19,Yes,Yes,DSL,No,No,Yes,No,No,Yes,Month-to-month,Yes,Mailed check,64.61,1199.0,0.7204074551009932,1
C100043,Male,0,Yes,No,69,Yes,No,Fiber optic,No,No,No,Yes,Yes,No,Month-to-month,Yes,Credit card (automatic),82.07,5660.01,0.45511539149903907,0
C100044,Male,0,No,Yes,40,Yes,No,Fiber optic,No,Yes,No,No,No,No,Two year,Yes,Credit card (automatic),71.75,2853.09,0.526438811283101,1
C100045,Female,0,No,No,48,Yes,No,No,No internet service,No internet service,No internet service,No internet service,No internet service,No internet service,Month-to-month,Yes,Electronic check,26.94,1313.45,0.3787495761615642,0
C100046,Male,0,No,No,35,Yes,No,DSL,Yes,No,Yes,Yes,No,No,Two year,No,Credit card (automatic),72.17,2529.26,0.14556214504632362,0
C100047,Female,0,No,No,54,Yes,Yes,DSL,Yes,No,No,No,No,No,One year,Yes,Electronic check,63.98,3486.95,0.32634938349599657,0
C100048,Female,0,Yes,Yes,5,No,No phone service,Fiber optic,Yes,Yes,No,Yes,Yes,No,Month-to-month,No,Credit card (automatic),84.74,414.62,0.6908893925743089,1
C100049,Female,0,Yes,No,48,Yes,No,No,No internet service,No internet service,No internet service,No internet service,No internet service,No internet service,Month-to-month,Yes,Credit card (automatic),29.01,1435.56,0.24563747765018334,0
C100050,Female,0,Yes,Yes,4,Yes,No,Fiber optic,No,No,No,Yes,No,Yes,Month-to-month,Yes,Bank transfer (automatic),79.59,318.42,0.8151967807116537,1
C100051,Male,0,Yes,No,12,Yes,No,Fiber optic,Yes,Yes,Yes,Yes,No,No,Month-to-month,No,Credit card (automatic),90.6,1076.59,0.5536317523277889,1
C100052,Male,0,Yes,No,36,Yes,No,Fiber optic,Yes,Yes,No,Yes,No,Yes,Month-to-month,Yes,Bank transfer (automatic),88.92,3249.14,0.5355276611011507,1
C100053,Male,0,Yes,Yes,32,Yes,No,Fiber optic,No,Yes,No,No,No,No,One year,No,Mailed check,73.22,2306.61,0.32706361062749767,0
C100054,Male,0,Yes,No,10,Yes,No,Fiber optic,No,No,Yes,No,No,No,One year,Yes,Credit card (automatic),75.31,742.07,0.5580914490002878,1
C100055,Male,1,Yes,Yes,57,Yes,No,Fiber optic,Yes,No,Yes,Yes,Yes,Yes,Month-to-month,Yes,Electronic check,96.69,5477.75,0.6703003508155665,1
C100056,Female,0,No,No,21,Yes,Yes,Fiber optic,No,No,No,No,No,No,Month-to-month,No,Electronic check,71.78,1470.58,0.8100067010599138,1
C100057,Male,0,No,No,62,Yes,No,Fiber optic,Yes,Yes,No,Yes,Yes,No,Month-to-month,Yes,Electronic check,87.49,5383.24,0.5802216202461158,1
C100058,Female,0,No,No,1,Yes,No,Fiber optic,No,No,No,Yes,No,No,Two year,No,Bank transfer (automatic),78.34,90.68,0.49455121342590463,0
C100059,Female,1,No,No,17,No,No phone service,DSL,No,No,No,Yes,Yes,No,Two year,Yes,Bank transfer (automatic),56.08,926.76,0.5322594289094179,1
C100060,Female,0,No,Yes,21,Yes,Yes,DSL,Yes,Yes,Yes,No,No,No,One year,No,Credit card (automatic),72.55,1518.35,0.3019455056807,0
C100061,Female,1,Yes,No,42,Yes,No,No,No internet service,No internet service,No internet service,No internet service,No internet service,No internet service,Month-to-month,Yes,Credit card (automatic),31.21,1328.87,0.30438398002617423,0
C100062,Male,0,No,No,28,Yes,No,Fiber optic,Yes,No,No,No,Yes,No,Two year,Yes,Credit card (automatic),83.73,2353.66,0.4826584028229388,0
C100063,Female,0,Yes,Yes,11,Yes,No,DSL,No,Yes,No,Yes,Yes,Yes,Two year,Yes,Bank transfer (automatic),76.41,848.8,0.5974888590904233,1
C100064,Male,0,Yes,No,41,Yes,No,Fiber optic,No,No,Yes,No,No,No,Month-to-month,No,Credit card (automatic),73.13,3022.64,0.5254993435846937,1
C100065,Male,0,Yes,No,68,No,No phone service,Fiber optic,Yes,No,No,Yes,Yes,No,Month-to-month,No,Electronic check,74.23,5079.78,0.3875507518791295,0
C100066,Female,0,Yes,No,9,Yes,No,Fiber optic,No,Yes,No,Yes,Yes,No,Month-to-month,No,Bank transfer (automatic),84.64,736.76,0.7367042128433922,1
C100067,Male,0,Yes,No,18,No,No phone service,Fiber optic,Yes,Yes,Yes,No,No,No,One year,No,Electronic check,73.85,1339.02,0.44950391818664215,0
C100068,Male,0,No,No,34,Yes,No,DSL,No,No,No,No,No,Yes,Month-to-month,No,Electronic check,58.96,1999.11,0.5898524786013046,1
C100069,Male,1,No,No,52,Yes,No,Fiber optic,No,No,No,No,Yes,No,Month-to-month,No,Electronic check,76.79,3990.12,0.6979179910736839,1
C100070,Female,0,No,Yes,9,Yes,No,DSL,No,Yes,No,Yes,No,No,Month-to-month,Yes,Electronic check,68.67,587.78,0.8223617237860831,1
C100071,Male,0,No,No,16,No,No phone service,No,No internet service,No internet service,No internet service,No internet service,No internet service,No internet service,Month-to-month,Yes,Credit card (automatic),18.89,291.55,0.31366486776177643,0
C100072,Male,0,No,No,16,Yes,No,DSL,No,Yes,Yes,Yes,Yes,No,One year,No,Mailed check,71.71,1138.97,0.27052702028948017,0
C100073,Male,0,Yes,Yes,44,Yes,Yes,Fiber optic,No,No,Yes,No,No,Yes,Month-to-month,Yes,Credit card (automatic),81.97,3635.13,0.7211158141440492,1
C100074,Female,0,No,No,5,Yes,No,Fiber optic,Yes,No,No,No,Yes,No,Month-to-month,No,Mailed check,77.44,364.11,0.6834207913890911,1
C100075,Male,1,No,Yes,47,Yes,No,Fiber optic,No,No,No,No,No,No,One year,Yes,Bank transfer (automatic),73.34,3399.06,0.429888769763102,0
C100076,Male,0,Yes,No,30,Yes,No,Fiber optic,Yes,No,Yes,Yes,No,No,Two year,Yes,Electronic check,85.21,2556.24,0.5009790816154838,1
C100077,Male,0,Yes,No,23,Yes,No,Fiber optic,No,No,No,No,No,No,Month-to-month,No,Credit card (automatic),68.18,1542.98,0.6138721482018576,1
C100078,Female,0,No,No,62,Yes,Yes,Fiber optic,No,Yes,Yes,Yes,No,No,Month-to-month,Yes,Electronic check,85.6,5304.43,0.7005123405421513,1
C100079,Female,0,No,Yes,58,Yes,No,DSL,Yes,Yes,No,No,No,No,Month-to-month,No,Bank transfer (automatic),61.04,3553.81,0.3336204134406071,0
C100080,Female,0,No,No,57,Yes,Yes,DSL,No,No,No,No,No,Yes,Month-to-month,No,Credit card (automatic),66.53,3790.09,0.3876983113548721,0
C100081,Male,0,No,No,63,Yes,Yes,Fiber optic,No,No,Yes,Yes,Yes,No,Two year,No,Credit card (automatic),93.59,5887.73,0.2256105442266801,0
C100082,Male,0,Yes,No,16,Yes,No,DSL,No,Yes,No,No,Yes,No,Two year,No,Credit card (automatic),61.26,977.11,0.4284870928642047,0
C100083,Female,1,No,No,61,No,No phone service,Fiber optic,No,Yes,No,No,No,Yes,Month-to-month,Yes,Electronic check,72.61,4446.05,0.7593642856188844,1
C100084,Female,1,Yes,No,12,Yes,No,DSL,No,Yes,No,No,Yes,No,Month-to-month,Yes,Mailed check,64.39,749.53,0.8014587943873446,1
C100085,Female,1,Yes,No,23,Yes,No,Fiber optic,Yes,No,No,No,Yes,Yes,Month-to-month,No,Electronic check,90.17,2088.45,0.7768072163949804,1
C100086,Male,0,No,No,39,Yes,Yes,DSL,No,No,Yes,No,No,No,One year,Yes,Mailed check,57.42,2219.11,0.3238323397270744,0
C100087,Male,0,Yes,No,53,Yes,No,Fiber optic,No,No,Yes,Yes,Yes,No,Month-to-month,Yes,Electronic check,86.56,4599.91,0.7045866494343572,1
C100088,Female,1,No,Yes,41,Yes,No,DSL,Yes,Yes,No,Yes,Yes,No,Month-to-month,Yes,Credit card (automatic),74.98,3043.33,0.5722088538786184,1
C100089,Female,0,Yes,No,40,Yes,No,Fiber optic,No,No,No,No,No,Yes,Month-to-month,No,Credit card (automatic),77.65,3116.76,0.5360597680432035,1
C100090,Male,0,No,No,27,Yes,No,DSL,No,Yes,Yes,Yes,No,Yes,One year,No,Bank transfer (automatic),75.15,2027.09,0.2024877364226009,0
C100091,Female,0,No,No,42,Yes,No,Fiber optic,Yes,No,No,No,Yes,No,Two year,Yes,Credit card (automatic),81.06,3406.27,0.4297072260211588,0
C100092,Female,0,No,No,34,Yes,No,DSL,Yes,Yes,Yes,Yes,No,No,Month-to-month,Yes,Bank transfer (automatic),73.74,2526.17,0.48102575494792044,0
C100093,Male,0,No,No,34,Yes,No,Fiber optic,No,No,Yes,Yes,Yes,Yes,One year,No,Electronic check,95.91,3244.37,0.397808405856731,0
C100094,Female,1,No,Yes,42,Yes,No,Fiber optic,No,No,No,Yes,No,No,Two year,Yes,Bank transfer (automatic),75.56,3173.13,0.49108457342327805,0
C100095,Male,0,No,No,43,Yes,No,No,No internet service,No internet service,No internet service,No internet service,No internet service,No internet service,Month-to-month,Yes,Electronic check,32.16,1388.98,0.3611413291070966,0
C100096,Male,0,No,No,23,Yes,No,Fiber optic,Yes,No,No,No,No,No,Two year,Yes,Mailed check,76.57,1755.16,0.425327740208555,0
C100097,Female,0,No,No,9,No,No phone service,Fiber optic,No,Yes,No,No,No,No,One year,No,Credit card (automatic),66.22,610.33,0.4463685451957875,0
C100098,Female,0,Yes,No,21,Yes,No,Fiber optic,Yes,Yes,Yes,No,No,Yes,Month-to-month,Yes,Mailed check,86.46,1822.32,0.7085710904384358,1
C100099,Male,0,Yes,No,29,Yes,No,DSL,No,No,No,Yes,No,Yes,One year,Yes,Electronic check,68.77,1982.67,0.38732197300391463,0
C100100,Female,0,Yes,No,11,No,No phone service,Fiber optic,No,No,Yes,No,No,No,Month-to-month,Yes,Electronic check,64.84,738.48,0.8844577336828139,1
C100101,Male,0,Yes,No,12,Yes,No,DSL,Yes,No,No,No,No,No,Month-to-month,Yes,Bank transfer (automatic),57.03,695.55,0.6101210385434759,1
C100102,Female,0,Yes,No,68,No,No phone service,Fiber optic,No,No,No,No,No,No,Month-to-month,No,Electronic check,59.47,4027.04,0.5543675361096898,1
C100103,Male,0,Yes,No,20,Yes,Yes,DSL,No,No,No,No,No,Yes,One year,No,Bank transfer (automatic),69.74,1377.66,0.2964954913907692,0
C100104,Female,1,No,Yes,53,Yes,Yes,Fiber optic,Yes,No,No,No,No,No,Two year,No,Mailed check,77.02,4077.7,0.29787530070753654,0
C100105,Female,0,Yes,No,9,Yes,No,Fiber optic,Yes,No,No,Yes,No,No,Month-to-month,Yes,Credit card (automatic),80.08,729.68,0.6830492135728405,1
C100106,Female,0,No,No,70,Yes,No,Fiber optic,No,No,Yes,Yes,Yes,Yes,Month-to-month,Yes,Credit card (automatic),93.13,6474.61,0.46838496478215197,0
C100107,Female,0,Yes,No,15,No,No phone service,DSL,Yes,No,Yes,No,No,No,Month-to-month,Yes,Electronic check,52.65,773.71,0.7492740685709431,1
C100108,Male,0,No,No,28,Yes,No,Fiber optic,No,Yes,No,No,No,No,Two year,Yes,Credit card (automatic),74.35,2070.28,0.5504095198758656,1
C100109,Female,0,Yes,No,56,Yes,No,Fiber optic,No,No,Yes,No,Yes,No,Month-to-month,No,Electronic check,78.88,4388.4,0.6726043536793888,1
C100110,Male,0,No,No,14,Yes,No,DSL,Yes,Yes,Yes,No,No,No,Two year,Yes,Electronic check,69.01,945.65,0.5861742045932188,1
C100111,Female,0,Yes,No,39,Yes,Yes,DSL,Yes,Yes,Yes,Yes,No,No,Month-to-month,No,Mailed check,76.85,2999.71,0.33473183121510525,0
C100112,Female,0,No,No,56,Yes,Yes,No,No internet service,No internet service,No internet service,No internet service,No internet service,No internet service,Month-to-month,Yes,Electronic check,37.88,2111.5,0.3809896814071621,0
C100113,Male,0,Yes,Yes,1,Yes,No,No,No internet service,No internet service,No internet service,No internet service,No internet service,No internet service,Month-to-month,Yes,Credit card (automatic),30.12,21.91,0.4177900258416668,0
C100114,Female,0,No,No,1,Yes,Yes,DSL,Yes,Yes,No,No,No,No,Month-to-month,Yes,Credit card (automatic),66.44,38.87,0.7511407176018375,1
C100115,Female,0,Yes,No,56,Yes,No,Fiber optic,Yes,No,No,No,No,Yes,Month-to-month,Yes,Credit card (automatic),83.57,4675.85,0.47815995208002987,0
C100116,Male,0,No,No,18,No,No phone service,DSL,No,No,No,Yes,No,No,Two year,Yes,Electronic check,47.52,825.32,0.5243868279220335,1
C100117,Male,0,Yes,Yes,65,Yes,No,No,No internet service,No internet service,No internet service,No internet service,No internet service,No internet service,Month-to-month,Yes,Bank transfer (automatic),34.23,2254.09,0.20622241501251792,0
C100118,Male,0,No,No,66,Yes,Yes,Fiber optic,No,Yes,No,Yes,No,Yes,Month-to-month,No,Bank transfer (automatic),86.53,5745.77,0.3582583141562147,0
C100119,Male,0,No,No,63,Yes,No,Fiber optic,Yes,Yes,No,Yes,Yes,Yes,One year,Yes,Electronic check,99.98,6289.35,0.2727388783135626,0
C100120,Male,0,Yes,No,71,Yes,No,DSL,No,Yes,Yes,No,No,No,Month-to-month,Yes,Credit card (automatic),66.64,4709.1,0.41866347675713217,0
C100121,Female,1,Yes,Yes,59,Yes,No,Fiber optic,No,Yes,No,Yes,Yes,No,One year,Yes,Credit card (automatic),84.69,5013.54,0.38060905808985485,0
C100122,Female,0,Yes,No,27,Yes,No,DSL,Yes,Yes,No,Yes,No,No,Two year,Yes,Credit card (automatic),68.93,1872.84,0.3052463838180726,0
C100123,Male,0,Yes,No,71,Yes,No,Fiber optic,No,Yes,No,No,No,Yes,Two year,No,Credit card (automatic),79.73,5698.12,0.1958155287490325,0
C100124,Female,1,No,Yes,24,Yes,No,Fiber optic,Yes,No,No,Yes,Yes,Yes,One year,Yes,Electronic check,94.55,2312.11,0.6141956784043011,1
C100125,Female,0,Yes,Yes,42,Yes,No,Fiber optic,No,No,No,No,Yes,Yes,Month-to-month,No,Credit card (automatic),79.5,3298.67,0.6313752928250934,1
C100126,Male,0,Yes,Yes,0,Yes,No,Fiber optic,Yes,Yes,Yes,No,No,Yes,Month-to-month,No,Credit card (automatic),88.73,0.0,0.7329433025184617,1
C100127,Female,1,No,No,69,No,No phone service,DSL,No,Yes,Yes,No,Yes,Yes,Month-to-month,Yes,Bank transfer (automatic),64.22,4426.48,0.5827153206251371,1
C100128,Female,0,Yes,Yes,42,Yes,Yes,DSL,No,Yes,No,Yes,No,No,Month-to-month,Yes,Electronic check,65.12,2746.09,0.7429995422692531,1
C100129,Female,0,Yes,No,68,Yes,No,Fiber optic,Yes,Yes,Yes,Yes,Yes,Yes,Month-to-month,Yes,Mailed check,98.39,6705.91,0.38604147063949507,0
C100130,Female,0,No,No,25,Yes,No,Fiber optic,No,No,Yes,Yes,No,No,Month-to-month,Yes,Electronic check,80.32,2022.73,0.8066749426985707,1
C100131,Female,0,No,No,22,Yes,No,DSL,Yes,No,No,No,Yes,Yes,Two year,Yes,Electronic check,72.28,1610.09,0.5843801566462027,1
C100132,Male,0,No,No,37,Yes,No,Fiber optic,Yes,No,No,No,Yes,No,Two year,Yes,Credit card (automatic),79.09,2915.13,0.43569200885237425,0
C100133,Female,1,No,No,62,Yes,No,Fiber optic,Yes,No,No,Yes,Yes,Yes,Month-to-month,No,Credit card (automatic),93.2,5759.22,0.3275038035885282,0
C100134,Female,1,No,Yes,39,Yes,Yes,Fiber optic,No,Yes,Yes,Yes,No,Yes,Two year,Yes,Credit card (automatic),91.38,3587.66,0.5873758626161383,1
C100135,Male,0,Yes,No,57,Yes,No,Fiber optic,No,No,No,Yes,No,No,Two year,No,Electronic check,79.27,4500.83,0.2884131177236623,0
C100136,Female,0,No,Yes,15,Yes,Yes,DSL,No,No,Yes,Yes,No,Yes,Month-to-month,No,Bank transfer (automatic),73.74,1143.37,0.606872319111102,1
C100137,Male,0,No,Yes,55,Yes,No,DSL,No,Yes,No,Yes,No,Yes,Two year,Yes,Mailed check,73.74,4040.62,0.23561832162182367,0
C100138,Male,1,No,No,52,Yes,No,Fiber optic,No,No,Yes,No,Yes,No,Two year,Yes,Mailed check,75.77,3932.33,0.4909675478028178,0
C100139,Male,0,Yes,Yes,64,Yes,No,Fiber optic,No,Yes,Yes,Yes,Yes,No,One year,Yes,Mailed check,90.81,5807.83,0.26335511945843315,0
C100140,Female,1,Yes,Yes,4,Yes,No,Fiber optic,No,No,No,No,No,No,Two year,Yes,Credit card (automatic),71.49,255.14,0.7557439133668032,1
C100141,Male,0,No,No,27,Yes,No,No,No internet service,No internet service,No internet service,No internet service,No internet service,No internet service,Month-to-month,Yes,Credit card (automatic),29.66,769.93,0.2870657418483284,0
C100142,Male,0,No,No,6,Yes,No,DSL,No,Yes,Yes,Yes,Yes,Yes,One year,Yes,Credit card (automatic),79.65,496.16,0.4790683920862566,0
C100143,Male,0,No,Yes,28,Yes,Yes,Fiber optic,No,No,No,No,Yes,Yes,One year,No,Electronic check,84.62,2334.83,0.6039907141570879,1
C100144,Female,0,No,No,54,Yes,No,DSL,No,Yes,Yes,No,No,No,One year,Yes,Mailed check,64.86,3552.63,0.24826054154932675,0
C100145,Female,0,No,No,46,No,No phone service,DSL,Yes,No,No,Yes,Yes,No,Month-to-month,No,Bank transfer (automatic),58.97,2710.91,0.3067675962404798,0
C100146,Male,0,Yes,No,54,Yes,Yes,No,No internet service,No internet service,No internet service,No internet service,No internet service,No internet service,One year,Yes,Bank transfer (automatic),34.75,1855.98,0.09574686631892798,0
C100147,Male,1,Yes,Yes,53,Yes,No,No,No internet service,No internet service,No internet service,No internet service,No internet service,No internet service,Two year,Yes,Credit card (automatic),30.8,1640.59,0.14674414447286555,0
C100148,Female,0,Yes,No,71,Yes,Yes,DSL,No,No,Yes,No,No,Yes,Two year,Yes,Electronic check,67.35,4732.47,0.4252543829298784,0
C100149,Male,0,Yes,No,63,Yes,No,No,No internet service,No internet service,No internet service,No internet service,No internet service,No internet service,Month-to-month,Yes,Electronic check,29.45,1848.98,0.2995303886044618,0
C100150,Female,0,Yes,Yes,42,Yes,Yes,DSL,No,No,No,Yes,No,Yes,Month-to-month,Yes,Credit card (automatic),70.15,2942.39,0.5719460656370575,1
C100151,Male,0,No,Yes,63,Yes,No,No,No internet service,No internet service,No internet service,No internet service,No internet service,No internet service,Month-to-month,Yes,Bank transfer (automatic),34.15,2125.91,0.2115864978089236,0
C100152,Female,1,No,Yes,3,Yes,Yes,Fiber optic,No,No,Yes,No,No,No,One year,Yes,Bank transfer (automatic),77.87,220.97,0.7611087848717122,1
C100153,Male,0,No,No,51,Yes,No,DSL,Yes,Yes,Yes,No,No,No,Month-to-month,Yes,Credit card (automatic),65.64,3378.33,0.43521908271727694,0
C100154,Male,0,Yes,Yes,37,Yes,Yes,Fiber optic,Yes,No,Yes,No,No,Yes,Two year,Yes,Bank transfer (automatic),86.91,3219.4,0.49110914493177854,0
C100155,Female,0,No,No,68,Yes,No,Fiber optic,No,Yes,No,No,No,No,One year,Yes,Bank transfer (automatic),71.14,4845.41,0.2942550379796214,0
C100156,Male,1,No,No,36,Yes,Yes,DSL,No,No,No,Yes,Yes,No,Month-to-month,Yes,Electronic check,65.28,2334.18,0.7799133224654266,1
C100157,Female,0,No,Yes,12,Yes,No,DSL,No,Yes,Yes,No,Yes,Yes,One year,Yes,Bank transfer (automatic),72.09,838.67,0.6033045513541985,1
C100158,Female,1,No,No,52,Yes,No,Fiber optic,No,No,Yes,No,Yes,No,Month-to-month,Yes,Mailed check,80.3,4170.79,0.7002403946517997,1
C100159,Female,0,No,Yes,68,Yes,Yes,DSL,No,No,Yes,Yes,No,No,Month-to-month,Yes,Bank transfer (automatic),71.18,4791.42,0.4495206135856006,0
C100160,Female,0,No,Yes,1,Yes,No,DSL,No,No,Yes,No,No,Yes,Month-to-month,Yes,Bank transfer (automatic),67.49,45.55,0.8027823736498038,1
C100161,Female,1,No,No,4,Yes,No,DSL,Yes,No,No,Yes,No,Yes,One year,No,Electronic check,69.11,251.4,0.3750773083777027,0
C100162,Male,1,No,No,47,Yes,No,Fiber optic,Yes,Yes,No,No,Yes,Yes,Two year,No,Electronic check,89.01,4142.5,0.461362145098413,0
C100163,Male,1,Yes,No,40,Yes,No,DSL,No,No,No,Yes,Yes,Yes,Month-to-month,Yes,Mailed check,70.65,2839.12,0.5516197759988073,1
C100164,Male,0,Yes,No,39,Yes,Yes,Fiber optic,Yes,Yes,No,Yes,Yes,No,One year,Yes,Bank transfer (automatic),87.55,3411.68,0.3605708296656026,0
C100165,Female,0,Yes,Yes,6,No,No phone service,DSL,No,Yes,Yes,No,No,No,Month-to-month,No,Electronic check,52.58,303.09,0.7970826935006273,1
C100166,Male,0,No,No,41,No,No phone service,DSL,No,No,Yes,No,Yes,No,Month-to-month,Yes,Credit card (automatic),57.01,2350.75,0.6111700082153382,1
C100167,Male,0,No,Yes,40,Yes,No,Fiber optic,Yes,No,Yes,Yes,No,No,One year,Yes,Electronic check,84.37,3341.88,0.3955999042026495,0
C100168,Male,1,No,No,61,Yes,No,DSL,No,No,Yes,Yes,Yes,No,Two year,No,Mailed check,67.83,4110.79,0.17350033469996687,0
C100169,Male,1,Yes,No,28,Yes,No,Fiber optic,Yes,No,No,No,No,Yes,Two year,Yes,Bank transfer (automatic),78.89,2231.19,0.49084841607847574,0
C100170,Male,0,Yes,No,25,Yes,Yes,Fiber optic,No,Yes,Yes,Yes,No,No,One year,Yes,Bank transfer (automatic),86.18,2200.08,0.4864530187406994,0
C100171,Male,0,No,No,5,Yes,No,Fiber optic,Yes,Yes,Yes,No,Yes,Yes,Month-to-month,Yes,Mailed check,96.93,498.31,0.8082579185003697,1
C100172,Female,0,Yes,No,40,Yes,Yes,DSL,No,No,Yes,No,No,Yes,Month-to-month,Yes,Electronic check,67.54,2711.15,0.7661660624892104,1
C100173,Female,0,No,No,46,Yes,No,Fiber optic,No,Yes,No,Yes,No,No,Month-to-month,Yes,Electronic check,81.59,3741.38,0.7247415416319439,1
C100174,Female,0,Yes,Yes,20,Yes,No,DSL,No,No,Yes,Yes,No,No,Two year,Yes,Electronic check,64.8,1284.76,0.6079725143217339,1
C100175,Male,0,No,Yes,52,Yes,Yes,No,No internet service,No internet service,No internet service,No internet service,No internet service,No internet service,One year,No,Electronic check,33.59,1751.33,0.11381904758108656,0
C100176,Female,0,No,Yes,67,Yes,Yes,DSL,Yes,No,No,Yes,No,Yes,Month-to-month,Yes,Bank transfer (automatic),72.65,4894.98,0.34627587896308476,0
C100177,Male,0,No,No,12,Yes,No,DSL,Yes,Yes,No,Yes,No,No,Month-to-month,Yes,Bank transfer (automatic),68.29,827.96,0.5627164450455663,1
C100178,Female,0,Yes,No,41,Yes,Yes,Fiber optic,No,No,Yes,No,No,Yes,Month-to-month,Yes,Electronic check,79.86,3293.44,0.8330303594821262,1
C100179,Female,0,No,Yes,49,Yes,No,DSL,Yes,No,No,Yes,No,No,One year,No,Bank transfer (automatic),67.5,3289.38,0.10457917331837391,0
C100180,Female,1,No,No,1,Yes,No,Fiber optic,Yes,No,No,No,No,No,Month-to-month,Yes,Electronic check,74.27,86.61,0.8892512798820275,1
C100181,Male,0,No,No,12,Yes,No,Fiber optic,No,No,No,No,No,No,Two year,Yes,Credit card (automatic),61.01,718.64,0.6149602557627342,1
C100182,Male,0,No,Yes,28,Yes,Yes,Fiber optic,Yes,No,No,Yes,No,Yes,Month-to-month,Yes,Bank transfer (automatic),91.2,2556.48,0.643817388546703,1
C100183,Female,0,Yes,No,9,Yes,Yes,Fiber optic,Yes,Yes,Yes,No,No,No,Two year,Yes,Bank transfer (automatic),88.44,808.23,0.6775450173173475,1
C100184,Male,0,No,No,25,Yes,Yes,No,No internet service,No internet service,No internet service,No internet service,No internet service,No internet service,Month-to-month,Yes,Electronic check,30.97,763.64,0.49095480684352144,0
C100185,Male,1,Yes,No,10,Yes,No,Fiber optic,Yes,No,Yes,No,No,Yes,Month-to-month,Yes,Bank transfer (automatic),86.2,841.67,0.7835703894215468,1
C100186,Male,0,Yes,No,64,Yes,No,DSL,No,No,Yes,No,No,No,Month-to-month,No,Mailed check,58.48,3749.7,0.28856210071197896,0
C100187,Male,0,No,No,43,Yes,Yes,Fiber optic,No,No,No,No,No,No,Month-to-month,No,Credit card (automatic),67.71,2908.64,0.5605384756009383,1
C100188,Male,1,No,No,23,Yes,Yes,DSL,No,No,No,Yes,No,Yes,Two year,Yes,Electronic check,74.88,1725.02,0.6050123811236318,1
C100189,Male,1,Yes,No,56,Yes,No,DSL,No,No,No,Yes,Yes,No,Two year,No,Mailed check,66.49,3736.62,0.17988074859787737,0
C100190,Female,0,Yes,No,1,No,No phone service,DSL,No,Yes,No,Yes,No,Yes,Month-to-month,Yes,Credit card (automatic),61.5,87.65,0.7071009961021901,1
C100191,Female,0,Yes,No,42,Yes,No,DSL,No,Yes,No,Yes,No,No,Month-to-month,Yes,Bank transfer (automatic),63.44,2677.68,0.5264382118287092,1
C100192,Female,0,Yes,No,49,Yes,No,DSL,Yes,No,No,No,No,No,Month-to-month,Yes,Bank transfer (automatic),59.26,2914.44,0.4473270448506808,0
C100193,Male,0,No,No,58,Yes,Yes,DSL,No,No,No,No,No,No,One year,Yes,Credit card (automatic),58.4,3377.43,0.24714413552873446,0
C100194,Female,0,Yes,Yes,16,Yes,No,Fiber optic,Yes,No,No,No,Yes,No,Month-to-month,Yes,Mailed check,78.39,1247.36,0.7762606060501662,1
C100195,Male,0,No,Yes,42,No,No phone service,Fiber optic,No,No,No,No,Yes,No,Month-to-month,No,Electronic check,70.23,2958.96,0.7299833649227515,1
C100196,Male,1,Yes,No,55,Yes,No,No,No internet service,No internet service,No internet service,No internet service,No internet service,No internet service,Month-to-month,Yes,Credit card (automatic),32.1,1757.98,0.2401745738484627,0
C100197,Male,0,Yes,No,57,Yes,No,DSL,No,No,Yes,No,Yes,No,Two year,Yes,Electronic check,66.29,3787.66,0.480653510927206,0
C100198,Male,0,No,No,12,Yes,No,DSL,No,No,Yes,Yes,Yes,No,Month-to-month,Yes,Credit card (automatic),70.65,831.43,0.6882942271137614,1
C100199,Female,0,Yes,No,70,Yes,No,Fiber optic,No,No,No,No,Yes,Yes,One year,Yes,Electronic check,80.1,5645.37,0.42719135421788906,0
C100200,Male,0,Yes,Yes,19,Yes,No,DSL,No,No,Yes,Yes,Yes,No,Two year,No,Electronic check,73.58,1401.8,0.5067504577847164,1
C100201,Female,0,No,Yes,28,Yes,No,DSL,No,No,Yes,Yes,No,Yes,Month-to-month,Yes,Mailed check,72.53,2033.31,0.5802730990733298,1
C100202,Male,1,No,No,13,Yes,No,Fiber optic,No,No,No,No,No,Yes,Month-to-month,Yes,Credit card (automatic),75.0,965.37,0.8112842164647874,1
C100203,Female,1,No,Yes,10,Yes,No,Fiber optic,No,No,No,No,No,No,Month-to-month,No,Electronic check,67.29,711.15,0.8630424064021333,1
C100204,Male,0,Yes,No,18,Yes,No,DSL,No,No,Yes,No,No,Yes,One year,No,Electronic check,61.06,1074.02,0.4087509107000346,0
C100205,Male,0,No,No,9,Yes,No,Fiber optic,No,No,Yes,Yes,Yes,No,Month-to-month,Yes,Electronic check,86.07,760.58,0.8788041943665114,1
C100206,Female,0,No,No,52,Yes,Yes,Fiber optic,Yes,Yes,No,No,No,Yes,Month-to-month,Yes,Electronic check,87.38,4560.71,0.722096981909098,1
C100207,Female,0,No,No,43,Yes,Yes,Fiber optic,Yes,Yes,No,Yes,No,No,Month-to-month,No,Electronic check,90.96,3916.25,0.5674713650532468,1
C100208,Male,1,Yes,No,28,Yes,No,DSL,No,No,No,Yes,No,Yes,One year,Yes,Credit card (automatic),69.48,1933.92,0.3012184278247349,0
C100209,Female,0,Yes,No,39,Yes,Yes,Fiber optic,Yes,No,Yes,No,No,Yes,One year,Yes,Bank transfer (automatic),88.1,3424.83,0.3815662357516462,0
C100210,Male,0,Yes,Yes,43,Yes,No,Fiber optic,Yes,No,No,No,Yes,No,Month-to-month,No,Electronic check,80.8,3468.46,0.6497828068618289,1
C100211,Female,0,Yes,No,13,Yes,Yes,DSL,Yes,Yes,Yes,No,No,No,Two year,No,Electronic check,68.12,887.6,0.5400491637496968,1
C100212,Female,0,No,No,21,Yes,No,Fiber optic,No,Yes,No,No,No,Yes,Month-to-month,No,Electronic check,82.65,1766.77,0.789276855723318,1
C100213,Male,0,Yes,Yes,63,Yes,No,Fiber optic,No,No,No,No,Yes,No,Month-to-month,No,Mailed check,75.86,4791.17,0.45539199510206746,0
C100214,Female,0,Yes,No,0,Yes,Yes,DSL,No,No,No,Yes,No,No,Month-to-month,Yes,Electronic check,65.51,0.0,0.8418368731444829,1
C100215,Male,0,Yes,No,68,Yes,Yes,Fiber optic,No,No,No,Yes,No,No,One year,No,Credit card (automatic),81.94,5563.37,0.12748415255608514,0
C100216,Male,0,No,Yes,69,Yes,No,Fiber optic,No,No,No,No,Yes,Yes,One year,No,Electronic check,80.59,5570.75,0.31017185341030934,0
C100217,Male,0,Yes,No,18,Yes,No,Fiber optic,No,No,No,No,Yes,No,Month-to-month,Yes,Mailed check,73.93,1299.65,0.7859542994347014,1
C100218,Male,0,Yes,No,23,Yes,No,DSL,No,No,No,No,No,No,Month-to-month,No,Bank transfer (automatic),61.17,1410.59,0.5000720205035859,1
C100219,Female,0,Yes,No,14,Yes,Yes,Fiber optic,No,Yes,No,Yes,Yes,Yes,Month-to-month,No,Electronic check,96.49,1353.17,0.8443417907828039,1
C100220,Male,1,No,No,40,Yes,Yes,DSL,No,No,No,Yes,No,Yes,Month-to-month,No,Credit card (automatic),69.3,2808.57,0.4238316619711353,0
C100221,Male,0,Yes,No,15,Yes,Yes,Fiber optic,No,No,No,No,No,Yes,Month-to-month,Yes,Bank transfer (automatic),82.1,1262.65,0.8118254070855165,1
C100222,Female,0,No,No,56,Yes,Yes,Fiber optic,Yes,No,No,No,No,No,Month-to-month,Yes,Electronic check,77.23,4319.68,0.6892078164462399,1
C100223,Male,0,Yes,No,27,Yes,No,Fiber optic,Yes,No,No,No,Yes,No,Month-to-month,No,Credit card (automatic),81.81,2192.63,0.5562109058513457,1
C100224,Female,0,Yes,Yes,69,Yes,Yes,Fiber optic,No,No,No,Yes,No,No,Month-to-month,No,Mailed check,77.58,5337.19,0.3615004716899555,0
C100225,Male,0,Yes,Yes,61,Yes,Yes,DSL,No,Yes,Yes,Yes,No,No,Month-to-month,Yes,Electronic check,71.96,4383.52,0.6337307764870432,1
C100226,Female,0,Yes,No,28,Yes,No,DSL,No,Yes,Yes,No,No,No,Month-to-month,Yes,Bank transfer (automatic),62.31,1770.85,0.6883090309492828,1
C100227,Female,1,Yes,No,42,Yes,No,Fiber optic,Yes,No,Yes,No,No,No,One year,No,Bank transfer (automatic),77.12,3247.35,0.25164193028327597,0
C100228,Female,0,No,Yes,1,Yes,No,DSL,No,No,No,Yes,No,No,Month-to-month,Yes,Electronic check,61.61,71.97,0.8274775192202658,1
C100229,Male,0,No,No,4,Yes,No,Fiber optic,No,No,Yes,Yes,Yes,No,One year,Yes,Mailed check,84.4,353.84,0.5565666420578699,1
C100230,Male,0,Yes,No,36,Yes,No,Fiber optic,No,Yes,Yes,No,No,Yes,Month-to-month,No,Credit card (automatic),85.44,3055.96,0.5758112006350209,1
C100231,Female,0,Yes,No,34,Yes,Yes,No,No internet service,No internet service,No internet service,No internet service,No internet service,No internet service,Month-to-month,Yes,Bank transfer (automatic),32.24,1081.93,0.3471133502427916,0
C100232,Male,0,No,No,28,Yes,Yes,DSL,No,No,Yes,Yes,No,Yes,Month-to-month,No,Bank transfer (automatic),69.7,1962.0,0.4704005149625209,0
C100233,Female,0,Yes,No,6,Yes,No,Fiber optic,No,Yes,No,No,No,No,Month-to-month,Yes,Bank transfer (automatic),75.55,437.73,0.8453997842361888,1
C100234,Male,0,Yes,No,60,Yes,No,DSL,No,Yes,No,No,No,No,One year,Yes,Bank transfer (automatic),60.59,3605.11,0.22930932416787395,0
C100235,Female,0,Yes,No,29,Yes,No,No,No internet service,No internet service,No internet service,No internet service,No internet service,No internet service,Month-to-month,Yes,Bank transfer (automatic),35.63,1011.73,0.30919732093153846,0
C100236,Female,1,Yes,Yes,33,Yes,No,Fiber optic,No,Yes,No,Yes,No,Yes,Month-to-month,Yes,Electronic check,86.04,2860.55,0.8407661704802567,1
C100237,Male,0,No,No,29,Yes,No,Fiber optic,No,No,Yes,No,No,Yes,Month-to-month,No,Electronic check,80.46,2325.81,0.7253896032372281,1
C100238,Male,1,No,Yes,35,Yes,No,Fiber optic,No,Yes,No,Yes,No,No,Month-to-month,Yes,Bank transfer (automatic),81.2,2846.39,0.7177185354698479,1
C100239,Female,0,No,No,46,Yes,No,DSL,No,Yes,Yes,No,No,No,Two year,No,Bank transfer (automatic),65.55,2994.62,0.268495820057375,0
C100240,Male,0,No,Yes,55,Yes,No,Fiber optic,Yes,Yes,No,No,No,No,Two year,Yes,Bank transfer (automatic),81.39,4484.2,0.3427946899790133,0
C100241,Female,0,Yes,No,39,Yes,Yes,Fiber optic,No,No,Yes,No,No,No,Month-to-month,No,Bank transfer (automatic),77.8,3028.69,0.6262590864859464,1
C100242,Male,0,Yes,No,11,Yes,Yes,DSL,No,Yes,No,No,No,No,Month-to-month,Yes,Bank transfer (automatic),61.92,690.02,0.767684046338336,1
C100243,Female,0,Yes,Yes,62,Yes,No,No,No internet service,No internet service,No internet service,No internet service,No internet service,No internet service,Month-to-month,Yes,Mailed check,32.11,1981.05,0.21272261520963734,0
C100244,Female,0,Yes,No,20,Yes,No,No,No internet service,No internet service,No internet service,No internet service,No internet service,No internet service,Month-to-month,Yes,Credit card (automatic),29.81,606.36,0.3355221548988634,0
C100245,Male,0,Yes,Yes,1,Yes,Yes,No,No internet service,No internet service,No internet service,No internet service,No internet service,No internet service,Month-to-month,Yes,Credit card (automatic),29.78,19.24,0.47612938832128104,0
C100246,Female,1,Yes,No,2,Yes,No,Fiber optic,Yes,Yes,No,No,No,No,Month-to-month,Yes,Credit card (automatic),75.25,148.89,0.8315804464398772,1
C100247,Male,0,Yes,No,55,Yes,No,DSL,No,No,No,Yes,No,No,Month-to-month,No,Credit card (automatic),60.27,3309.24,0.26734200187386803,0
C100248,Female,0,Yes,No,27,Yes,No,Fiber optic,Yes,No,No,No,No,Yes,Month-to-month,No,Credit card (automatic),81.3,2195.62,0.5191023003314614,1
C100249,Male,0,Yes,No,1,No,No phone service,DSL,Yes,No,Yes,Yes,No,No,Month-to-month,Yes,Electronic check,66.18,71.76,0.720229628109613,1
C100250,Male,0,No,No,58,Yes,No,Fiber optic,No,No,Yes,No,No,No,One year,Yes,Bank transfer (automatic),73.7,4264.7,0.3014247137089079,0
C100251,Male,1,Yes,No,21,No,No phone service,DSL,Yes,No,No,Yes,No,No,Two year,Yes,Bank transfer (automatic),56.12,1176.05,0.33102063699521145,0
C100252,Male,0,No,No,70,No,No phone service,Fiber optic,No,No,Yes,No,No,No,Month-to-month,No,Mailed check,62.99,4412.97,0.34687241844014743,0
C100253,Male,0,Yes,No,63,Yes,Yes,DSL,No,No,No,No,No,Yes,One year,No,Credit card (automatic),65.55,4139.62,0.1373934100062304,0
C100254,Female,0,No,No,3,Yes,No,DSL,No,No,No,No,No,No,Month-to-month,Yes,Electronic check,55.7,165.58,0.8413059961718545,1
C100255,Male,0,Yes,Yes,49,Yes,No,DSL,No,Yes,No,Yes,No,No,Month-to-month,Yes,Electronic check,63.4,3089.06,0.6411603181952953,1
C100256,Female,0,No,No,43,Yes,Yes,Fiber optic,Yes,Yes,No,No,No,Yes,One year,Yes,Electronic check,85.47,3677.0,0.5119161502753266,1
C100257,Male,0,Yes,Yes,12,Yes,Yes,DSL,No,Yes,Yes,No,No,No,Month-to-month,Yes,Electronic check,64.99,793.34,0.878951564039968,1
C100258,Male,0,Yes,No,24,Yes,No,DSL,Yes,No,Yes,No,No,No,Two year,Yes,Mailed check,61.89,1458.74,0.3328724694825006,0
C100259,Female,0,No,No,35,No,No phone service,DSL,No,No,No,No,No,No,Two year,Yes,Electronic check,44.42,1528.34,0.5522751820289897,1
C100260,Female,0,Yes,No,10,Yes,No,DSL,No,Yes,Yes,Yes,No,No,Month-to-month,No,Electronic check,69.35,680.29,0.7045499748271605,1
C100261,Male,0,Yes,Yes,51,No,No phone service,No,No internet service,No internet service,No internet service,No internet service,No internet service,No internet service,Month-to-month,Yes,Mailed check,18.75,952.25,0.23141455647242717,0
C100262,Male,0,No,Yes,19,Yes,No,Fiber optic,Yes,No,No,No,No,No,Month-to-month,No,Bank transfer (automatic),78.64,1450.15,0.5878604875771756,1
C100263,Female,0,Yes,No,67,Yes,No,DSL,No,No,No,Yes,No,No,Two year,No,Bank transfer (automatic),63.9,4292.68,0.12361578554245488,0
C100264,Female,1,No,Yes,57,Yes,No,DSL,No,No,No,Yes,Yes,No,Month-to-month,Yes,Electronic check,66.43,3782.64,0.6975208258688911,1
C100265,Female,0,No,No,45,Yes,Yes,DSL,No,Yes,No,Yes,Yes,No,One year,Yes,Credit card (automatic),71.59,3174.51,0.33014688293630085,0
C100266,Male,0,Yes,No,8,Yes,Yes,DSL,Yes,No,No,No,No,No,Month-to-month,Yes,Electronic check,62.93,481.14,0.790676535858607,1
C100267,Male,1,Yes,No,1,Yes,No,DSL,No,Yes,No,No,No,No,One year,No,Bank transfer (automatic),58.67,52.65,0.4177052347680682,0
C100268,Female,0,Yes,Yes,10,Yes,No,DSL,Yes,Yes,No,No,No,Yes,Month-to-month,Yes,Credit card (automatic),69.84,662.98,0.7027257506785692,1
C100269,Female,0,No,No,35,Yes,Yes,DSL,No,No,No,No,No,No,Two year,No,Credit card (automatic),57.0,2014.58,0.3206551522337898,0
C100270,Male,0,Yes,No,56,Yes,No,DSL,No,Yes,No,No,No,No,One year,No,Bank transfer (automatic),56.38,3160.82,0.15971224792232497,0
C100271,Male,0,Yes,No,11,Yes,Yes,Fiber optic,No,No,Yes,Yes,Yes,No,Month-to-month,Yes,Electronic check,89.09,993.52,0.8970769827829042,1
C100272,Male,1,Yes,Yes,50,Yes,No,DSL,No,Yes,No,No,No,No,Month-to-month,Yes,Credit card (automatic),58.12,2885.56,0.6232493018786978,1
C100273,Female,0,No,Yes,3,Yes,Yes,Fiber optic,No,No,Yes,No,Yes,Yes,Month-to-month,Yes,Bank transfer (automatic),88.35,273.26,0.9159995427573822,1
C100274,Male,0,No,No,19,Yes,No,Fiber optic,No,Yes,No,No,Yes,No,Month-to-month,Yes,Credit card (automatic),80.23,1511.25,0.8157624482545212,1
C100275,Male,0,No,No,43,Yes,Yes,No,No internet service,No internet service,No internet service,No internet service,No internet service,No internet service,Two year,Yes,Mailed check,32.83,1407.69,0.13297898379245318,0
C100276,Male,0,No,No,59,Yes,No,DSL,No,No,No,No,No,No,Month-to-month,No,Credit card (automatic),55.18,3262.71,0.3201465158796154,0
C100277,Female,0,No,Yes,55,Yes,Yes,Fiber optic,No,Yes,Yes,No,No,No,Two year,Yes,Credit card (automatic),80.01,4398.99,0.528096635207891,1
C100278,Male,0,No,No,38,Yes,No,Fiber optic,Yes,No,Yes,No,Yes,No,Month-to-month,Yes,Bank transfer (automatic),85.9,3280.38,0.6480592575605398,1
C100279,Male,0,No,Yes,2,No,No phone service,No,No internet service,No internet service,No internet service,No internet service,No internet service,No internet service,Two year,No,Credit card (automatic),18.21,39.19,0.14066783519689716,0
C100280,Male,0,No,Yes,21,Yes,Yes,Fiber optic,No,Yes,Yes,Yes,No,No,Two year,No,Mailed check,84.28,1760.62,0.45893899601873706,0
C100281,Male,0,Yes,No,56,Yes,No,DSL,Yes,No,No,No,No,No,One year,Yes,Electronic check,57.78,3252.26,0.26085233512514616,0
C100282,Female,0,No,No,5,Yes,No,No,No internet service,No internet service,No internet service,No internet service,No internet service,No internet service,Two year,Yes,Bank transfer (automatic),28.31,162.61,0.22703195231000972,0
C100283,Male,0,No,Yes,50,No,No phone service,Fiber optic,No,No,No,Yes,No,No,Month-to-month,No,Bank transfer (automatic),62.78,3140.78,0.4332507073390344,0
C100284,Male,0,Yes,No,50,Yes,No,DSL,No,No,No,Yes,Yes,No,One year,Yes,Mailed check,62.77,3165.13,0.2073581417293901,0
C100285,Female,0,Yes,Yes,54,Yes,No,DSL,No,Yes,No,No,No,No,Month-to-month,Yes,Electronic check,60.26,3249.26,0.7135722648313377,1
C100286,Male,0,Yes,Yes,15,Yes,No,No,No internet service,No internet service,No internet service,No internet service,No internet service,No internet service,Month-to-month,No,Bank transfer (automatic),33.19,495.23,0.2526996335872992,0
C100287,Female,0,No,No,17,Yes,No,DSL,No,No,No,No,No,No,One year,No,Electronic check,56.39,958.79,0.41599016583588233,0
C100288,Female,0,Yes,No,14,Yes,No,Fiber optic,Yes,No,No,No,No,No,Two year,Yes,Credit card (automatic),73.79,1030.5,0.5375217507227401,1
C100289,Male,0,No,No,28,Yes,Yes,Fiber optic,Yes,No,No,No,No,No,Two year,Yes,Credit card (automatic),73.71,2057.64,0.4845052837248317,0
C100290,Female,0,Yes,No,37,Yes,No,Fiber optic,No,No,Yes,No,No,Yes,One year,No,Electronic check,80.48,2963.46,0.43714558552349203,0
C100291,Male,0,No,Yes,8,Yes,Yes,DSL,No,No,No,No,No,No,Two year,Yes,Credit card (automatic),53.98,411.97,0.605697139559933,1
C100292,Female,0,Yes,No,40,Yes,No,Fiber optic,No,No,No,No,No,No,Two year,No,Electronic check,69.78,2793.55,0.49613068949151007,0
C100293,Male,0,No,No,17,Yes,Yes,Fiber optic,No,No,Yes,No,Yes,Yes,One year,Yes,Bank transfer (automatic),87.0,1502.98,0.6456698407586309,1
C100294,Female,0,No,Yes,40,Yes,Yes,No,No internet service,No internet service,No internet service,No internet service,No internet service,No internet service,Month-to-month,No,Credit card (automatic),27.3,1108.22,0.23859941930421394,0
C100295,Female,0,Yes,No,21,Yes,No,DSL,Yes,Yes,No,No,Yes,Yes,Month-to-month,No,Electronic check,79.7,1681.49,0.6754340960844406,1
C100296,Female,0,Yes,Yes,68,Yes,No,DSL,Yes,Yes,Yes,No,No,No,Month-to-month,Yes,Electronic check,64.86,4435.5,0.5701248247344114,1
C100297,Male,0,Yes,No,22,Yes,Yes,DSL,No,No,No,No,No,No,Two year,No,Credit card (automatic),57.11,1256.82,0.35752251259010903,0
C100298,Male,0,Yes,No,62,Yes,No,DSL,No,No,No,Yes,Yes,No,One year,Yes,Electronic check,66.68,4114.23,0.28712504485477536,0
C100299,Male,0,No,Yes,12,No,No phone service,No,No internet service,No internet service,No internet service,No internet service,No internet service,No internet service,Two year,No,Electronic check,18.82,218.9,0.20900727640964953,0
C100300,Male,0,No,No,6,Yes,No,DSL,Yes,No,Yes,Yes,Yes,No,Two year,No,Mailed check,77.16,461.76,0.2819926315103778,0
C100301,Female,0,No,Yes,13,Yes,No,DSL,No,Yes,No,No,No,No,Month-to-month,No,Electronic check,57.15,732.67,0.7685492635713441,1
C100302,Male,0,No,No,30,Yes,Yes,Fiber optic,No,No,No,No,No,Yes,Two year,Yes,Electronic check,79.95,2410.84,0.7010326022242046,1
C100303,Female,0,Yes,Yes,64,Yes,Yes,DSL,No,No,Yes,No,Yes,No,One year,No,Credit card (automatic),68.8,4421.67,0.21863754703308,0
C100304,Female,0,No,Yes,12,Yes,No,DSL,No,No,No,No,No,No,One year,No,Bank transfer (automatic),51.56,584.02,0.34847741610323857,0
C100305,Male,0,No,No,56,Yes,Yes,Fiber optic,Yes,No,No,No,Yes,Yes,Month-to-month,Yes,Mailed check,90.59,5070.11,0.5325561964605047,1
C100306,Male,1,Yes,No,50,Yes,No,DSL,No,Yes,No,No,No,No,Two year,No,Bank transfer (automatic),56.37,2760.19,0.2742479247090135,0
C100307,Female,0,No,Yes,24,Yes,No,Fiber optic,Yes,Yes,No,Yes,No,No,Two year,Yes,Electronic check,82.09,1968.23,0.62056371257403,1
C100308,Male,0,Yes,No,24,Yes,No,Fiber optic,No,Yes,Yes,Yes,No,Yes,One year,No,Mailed check,90.73,2175.38,0.27324242560993134,0
C100309,Male,1,No,Yes,68,Yes,Yes,DSL,Yes,No,Yes,Yes,No,Yes,Month-to-month,No,Credit card (automatic),77.98,5338.1,0.23978086312208222,0
C100310,Female,1,No,No,51,Yes,No,Fiber optic,Yes,No,No,No,No,No,Month-to-month,Yes,Credit card (automatic),75.93,3902.07,0.5705657280718014,1
C100311,Female,0,No,No,17,Yes,No,Fiber optic,Yes,Yes,Yes,Yes,No,Yes,Two year,Yes,Bank transfer (automatic),95.95,1649.87,0.4967518725541852,0
C100312,Male,1,Yes,Yes,65,Yes,Yes,DSL,Yes,Yes,No,Yes,Yes,No,Two year,No,Bank transfer (automatic),75.43,4883.75,0.18532483808896652,0
C100313,Male,1,No,No,29,No,No phone service,Fiber optic,No,No,No,No,Yes,Yes,Two year,Yes,Credit card (automatic),73.85,2121.34,0.6187732218763123,1
C100314,Male,0,Yes,No,5,Yes,Yes,Fiber optic,Yes,No,No,Yes,No,No,One year,Yes,Bank transfer (automatic),84.71,401.64,0.4697559808007163,0
C100315,Female,0,No,No,58,Yes,No,Fiber optic,No,No,No,No,Yes,Yes,One year,Yes,Electronic check,80.53,4701.47,0.4960747601809215,0
C100316,Female,0,Yes,No,62,Yes,No,Fiber optic,No,No,No,No,No,No,Month-to-month,Yes,Mailed check,69.66,4300.73,0.538236352078504,1
C100317,Female,0,No,No,31,Yes,No,DSL,Yes,No,No,Yes,No,Yes,One year,Yes,Electronic check,73.92,2283.9,0.3116371695390733,0
C100318,Female,0,No,No,50,No,No phone service,Fiber optic,No,No,No,No,Yes,No,Month-to-month,Yes,Credit card (automatic),65.2,3242.05,0.6826317156392271,1
C100319,Female,0,Yes,No,16,Yes,No,DSL,Yes,No,Yes,Yes,No,No,Two year,No,Bank transfer (automatic),75.29,1179.45,0.2372006890229927,0
C100320,Male,0,Yes,No,61,Yes,Yes,Fiber optic,No,Yes,No,Yes,No,Yes,Month-to-month,No,Mailed check,92.73,5662.98,0.34042009117032856,0
C100321,Male,0,No,No,26,Yes,Yes,Fiber optic,Yes,Yes,Yes,Yes,No,No,Two year,No,Mailed check,92.29,2402.66,0.2981890094386046,0
C100322,Female,0,Yes,No,19,Yes,Yes,DSL,No,Yes,Yes,No,Yes,Yes,Month-to-month,Yes,Credit card (automatic),77.43,1426.68,0.8073114093593734,1
C100323,Female,0,Yes,No,36,Yes,No,DSL,Yes,No,Yes,No,No,No,Month-to-month,No,Mailed check,63.54,2261.34,0.3540100057137132,0
C100324,Female,0,Yes,No,19,Yes,No,No,No internet service,No internet service,No internet service,No internet service,No internet service,No internet service,One year,Yes,Credit card (automatic),28.5,546.57,0.1398744516511491,0
C100325,Male,0,Yes,No,44,Yes,No,DSL,Yes,No,No,No,No,Yes,One year,No,Credit card (automatic),66.31,2916.33,0.11668586272498138,0
C100326,Male,0,No,No,53,Yes,No,DSL,Yes,Yes,No,No,No,No,One year,No,Credit card (automatic),65.72,3475.08,0.10855197380798765,0
C100327,Male,1,No,No,29,Yes,Yes,DSL,No,No,No,Yes,No,No,One year,Yes,Mailed check,60.63,1770.28,0.3267970244444226,0
C100328,Male,1,Yes,No,56,Yes,No,Fiber optic,No,No,No,No,No,No,Month-to-month,No,Credit card (automatic),71.61,3981.13,0.47752264474267164,0
C100329,Female,1,Yes,No,31,Yes,Yes,DSL,No,Yes,No,No,Yes,No,Month-to-month,No,Electronic check,70.33,2168.45,0.7922951079583102,1
C100330,Female,1,Yes,No,69,Yes,No,Fiber optic,No,No,Yes,Yes,No,Yes,Two year,Yes,Credit card (automatic),87.43,6043.06,0.28662372688436616,0
C100331,Male,0,Yes,No,19,Yes,No,Fiber optic,Yes,No,Yes,Yes,Yes,Yes,Two year,No,Electronic check,96.68,1823.84,0.49408397469857357,0
C100332,Male,0,No,No,50,Yes,Yes,DSL,No,Yes,Yes,Yes,No,Yes,One year,No,Bank transfer (automatic),79.33,3972.58,0.15273686919179247,0
C100333,Female,0,Yes,Yes,38,Yes,Yes,Fiber optic,No,No,No,Yes,Yes,No,Month-to-month,Yes,Bank transfer (automatic),88.25,3330.51,0.7508766811199925,1
C100334,Male,0,No,No,67,Yes,Yes,DSL,No,Yes,Yes,Yes,No,Yes,One year,Yes,Credit card (automatic),77.85,5199.78,0.17063441433424628,0
C100335,Female,1,No,Yes,15,No,No phone service,DSL,No,No,No,Yes,No,No,Month-to-month,No,Electronic check,51.06,730.24,0.7070213231638895,1
C100336,Female,0,No,Yes,14,Yes,No,Fiber optic,No,No,Yes,No,No,No,Two year,No,Electronic check,79.33,1069.5,0.6873079413636064,1
C100337,Male,0,No,No,62,No,No phone service,DSL,Yes,No,No,No,No,Yes,Month-to-month,Yes,Credit card (automatic),56.77,3510.1,0.3369045161839543,0
C100338,Male,0,Yes,No,64,Yes,No,No,No internet service,No internet service,No internet service,No internet service,No internet service,No internet service,Month-to-month,Yes,Mailed check,27.48,1767.83,0.1724782843126405,0
C100339,Female,0,Yes,No,53,Yes,No,Fiber optic,No,No,No,No,No,Yes,Month-to-month,Yes,Electronic check,78.18,4141.37,0.734152661393317,1
C100340,Female,0,Yes,Yes,34,Yes,No,DSL,Yes,Yes,No,No,No,No,One year,Yes,Electronic check,65.0,2233.37,0.4453142260091901,0
C100341,Male,0,No,No,29,No,No phone service,No,No internet service,No internet service,No internet service,No internet service,No internet service,No internet service,One year,Yes,Credit card (automatic),18.36,524.63,0.10762788333686645,0
C100342,Female,1,No,No,47,Yes,No,Fiber optic,No,No,Yes,No,No,No,One year,Yes,Bank transfer (automatic),71.24,3305.88,0.4425071812627963,0
C100343,Female,0,Yes,No,53,No,No phone service,DSL,Yes,No,No,No,No,No,Month-to-month,No,Bank transfer (automatic),50.6,2688.5,0.29802627060953024,0
C100344,Female,0,Yes,No,19,Yes,Yes,Fiber optic,No,Yes,Yes,No,No,Yes,Two year,Yes,Credit card (automatic),86.85,1628.57,0.6969131640456532,1
C100345,Male,0,Yes,No,0,Yes,No,No,No internet service,No internet service,No internet service,No internet service,No internet service,No internet service,Month-to-month,No,Credit card (automatic),26.89,0.0,0.2596584982442861,0
C100346,Female,0,No,Yes,5,Yes,No,Fiber optic,No,No,No,No,No,No,Month-to-month,No,Mailed check,69.78,303.18,0.7359594263650012,1
C100347,Female,0,No,Yes,24,Yes,No,Fiber optic,No,Yes,Yes,No,Yes,No,One year,No,Electronic check,83.62,2001.41,0.6465833845715832,1
C100348,Male,0,No,Yes,49,Yes,Yes,Fiber optic,No,Yes,No,No,Yes,Yes,Month-to-month,No,Bank transfer (automatic),88.84,4367.41,0.6402619363529722,1
C100349,Male,0,No,No,31,Yes,No,DSL,No,No,No,Yes,Yes,Yes,One year,No,Bank transfer (automatic),74.23,2312.71,0.19726600760723914,0
C100350,Female,1,Yes,Yes,44,Yes,No,DSL,No,No,No,No,No,No,Month-to-month,Yes,Electronic check,50.6,2221.18,0.7811819033475521,1
C100351,Male,0,No,Yes,33,Yes,No,Fiber optic,No,No,No,Yes,No,Yes,One year,Yes,Credit card (automatic),79.22,2613.22,0.3680082649009102,0
C100352,Male,0,No,Yes,18,Yes,Yes,No,No internet service,No internet service,No internet service,No internet service,No internet service,No internet service,Month-to-month,Yes,Electronic check,31.78,562.14,0.5586278572613298,1
C100353,Male,0,Yes,Yes,53,Yes,Yes,Fiber optic,No,No,Yes,Yes,Yes,No,Month-to-month,Yes,Mailed check,92.32,4886.75,0.6210450508363864,1
C100354,Female,0,No,No,52,Yes,No,DSL,Yes,No,No,No,Yes,No,Month-to-month,Yes,Bank transfer (automatic),71.92,3752.35,0.47018855513020236,0
C100355,Female,0,Yes,Yes,69,Yes,No,Fiber optic,No,No,Yes,No,Yes,No,One year,Yes,Credit card (automatic),80.01,5505.84,0.34343090115293523,0
C100356,Male,1,No,No,59,Yes,Yes,DSL,No,No,Yes,Yes,No,No,Month-to-month,Yes,Electronic check,68.11,4005.68,0.6307303124505527,1
C100357,Female,0,No,Yes,27,Yes,Yes,DSL,No,No,Yes,Yes,Yes,No,Month-to-month,Yes,Mailed check,67.89,1801.48,0.7056572299922677,1
C100358,Male,0,No,Yes,50,Yes,No,Fiber optic,Yes,No,Yes,No,No,No,Month-to-month,Yes,Bank transfer (automatic),81.26,4075.99,0.5571043917277166,1
C100359,Female,0,No,Yes,25,Yes,No,DSL,No,No,Yes,Yes,No,No,Month-to-month,No,Credit card (automatic),66.12,1646.71,0.48552078136126814,0
C100360,Female,0,Yes,No,62,Yes,No,Fiber optic,No,Yes,No,No,No,Yes,Month-to-month,Yes,Mailed check,80.71,4978.63,0.5484193402395688,1
C100361,Female,0,No,Yes,43,Yes,No,Fiber optic,No,No,Yes,No,No,No,One year,Yes,Mailed check,70.88,3064.48,0.41292044683723717,0
C100362,Male,0,No,No,60,Yes,Yes,Fiber optic,No,Yes,No,No,No,No,Month-to-month,Yes,Credit card (automatic),81.95,4914.96,0.6042426522835986,1
C100363,Female,0,No,Yes,20,Yes,Yes,No,No internet service,No internet service,No internet service,No internet service,No internet service,No internet service,Month-to-month,Yes,Bank transfer (automatic),36.8,720.09,0.4327500641915611,0
C100364,Male,0,No,No,1,Yes,No,Fiber optic,Yes,No,Yes,Yes,No,No,Month-to-month,No,Electronic check,85.74,102.5,0.724156273393238,1
C100365,Female,0,Yes,Yes,10,Yes,No,No,No internet service,No internet service,No internet service,No internet service,No internet service,No internet service,Month-to-month,Yes,Electronic check,32.48,316.88,0.5623193011961419,1
C100366,Male,0,No,No,38,Yes,Yes,Fiber optic,No,No,No,No,No,No,One year,Yes,Bank transfer (automatic),73.13,2746.38,0.4458445251139127,0
C100367,Male,0,No,No,69,Yes,No,Fiber optic,No,No,Yes,No,No,Yes,One year,No,Mailed check,82.05,5679.72,0.12969335287894213,0
C100368,Male,1,Yes,Yes,45,Yes,Yes,DSL,No,No,Yes,Yes,No,No,One year,Yes,Electronic check,64.73,2895.04,0.47370884173586064,0
C100369,Female,0,No,Yes,58,No,No phone service,DSL,No,No,No,No,No,Yes,Month-to-month,Yes,Mailed check,45.32,2687.63,0.5106689435387686,1
C100370,Male,0,No,No,33,Yes,No,Fiber optic,Yes,Yes,No,No,Yes,No,Month-to-month,Yes,Credit card (automatic),81.83,2690.26,0.6847472973047749,1
C100371,Female,0,No,Yes,69,Yes,Yes,DSL,No,No,No,Yes,No,No,Month-to-month,Yes,Bank transfer (automatic),61.98,4235.48,0.4505104298340236,0
C100372,Male,0,No,Yes,67,Yes,Yes,No,No internet service,No internet service,No internet service,No internet service,No internet service,No internet service,Month-to-month,Yes,Bank transfer (automatic),31.39,2137.2,0.2454771300617481,0
C100373,Male,0,Yes,No,15,Yes,No,DSL,Yes,No,No,No,No,No,Two year,No,Electronic check,61.12,914.59,0.39258887789832153,0
C100374,Female,0,No,Yes,62,Yes,No,Fiber optic,No,Yes,No,No,No,No,Month-to-month,Yes,Electronic check,73.36,4552.14,0.7549024002510919,1
C100375,Male,0,Yes,No,1,Yes,No,DSL,No,Yes,No,No,No,No,Month-to-month,Yes,Credit card (automatic),58.93,65.48,0.755256503429371,1
C100376,Female,0,No,No,42,Yes,No,No,No internet service,No internet service,No internet service,No internet service,No internet service,No internet service,One year,Yes,Bank transfer (automatic),27.04,1107.32,0.1072096055435836,0
C100377,Female,0,No,No,31,Yes,Yes,DSL,Yes,No,No,No,No,No,One year,Yes,Electronic check,59.82,1810.06,0.45205161396276433,0
C100378,Male,0,No,Yes,21,Yes,No,DSL,No,No,Yes,Yes,No,Yes,Two year,Yes,Bank transfer (automatic),71.1,1531.15,0.42821572651374534,0
C100379,Male,0,No,No,67,Yes,No,Fiber optic,No,No,Yes,No,No,No,Month-to-month,No,Electronic check,72.64,4834.84,0.5305352399982529,1
C100380,Male,0,No,No,47,Yes,Yes,DSL,No,No,Yes,No,No,Yes,Two year,No,Mailed check,68.01,3228.21,0.23056007799463496,0
C100381,Female,1,No,Yes,9,Yes,No,DSL,Yes,No,No,Yes,No,No,One year,No,Electronic check,67.36,615.69,0.3816695582851268,0
C100382,Female,0,Yes,No,10,Yes,No,No,No internet service,No internet service,No internet service,No internet service,No internet service,No internet service,One year,Yes,Credit card (automatic),34.1,343.4,0.1559608962004026,0
C100383,Male,0,No,No,8,Yes,No,Fiber optic,No,Yes,Yes,No,No,No,Month-to-month,Yes,Bank transfer (automatic),77.95,613.14,0.8329903724936984,1
C100384,Male,1,No,No,21,Yes,No,DSL,No,No,Yes,No,No,Yes,Month-to-month,Yes,Mailed check,69.53,1505.29,0.673808609716389,1
C100385,Male,0,Yes,Yes,4,Yes,No,Fiber optic,No,No,No,No,Yes,Yes,Month-to-month,Yes,Mailed check,83.02,317.12,0.8577994752655371,1
C100386,Male,0,No,Yes,19,Yes,No,DSL,No,No,No,Yes,No,No,Two year,Yes,Credit card (automatic),62.72,1177.37,0.41195182538276326,0
C100387,Female,1,No,No,55,Yes,Yes,DSL,No,No,No,Yes,Yes,Yes,Month-to-month,Yes,Electronic check,78.63,4337.18,0.7005245307507275,1
C100388,Female,0,No,No,62,Yes,No,Fiber optic,No,Yes,No,No,No,No,Month-to-month,No,Electronic check,75.8,4685.02,0.5913130793515877,1
C100389,Male,0,No,No,56,Yes,No,DSL,Yes,Yes,Yes,No,No,No,Month-to-month,No,Credit card (automatic),66.0,3674.45,0.2823611660825778,0
C100390,Female,0,Yes,Yes,35,Yes,No,Fiber optic,Yes,No,No,No,No,Yes,Two year,Yes,Credit card (automatic),83.71,2927.54,0.44604620453921756,0
C100391,Male,0,No,No,50,No,No phone service,DSL,No,No,Yes,No,No,No,Month-to-month,Yes,Electronic check,48.06,2415.93,0.6642418830914053,1
C100392,Male,0,Yes,Yes,67,Yes,Yes,Fiber optic,No,No,Yes,No,No,No,Month-to-month,Yes,Electronic check,77.75,5246.06,0.7365192047139381,1
C100393,Female,0,Yes,No,3,Yes,Yes,Fiber optic,No,No,No,Yes,No,Yes,One year,No,Bank transfer (automatic),85.33,296.61,0.46140588386206505,0
C100394,Female,0,No,No,65,Yes,No,DSL,Yes,No,Yes,No,Yes,Yes,Two year,Yes,Electronic check,78.86,5089.04,0.34792538189368866,0
C100395,Female,0,Yes,Yes,52,Yes,No,No,No internet service,No internet service,No internet service,No internet service,No internet service,No internet service,Two year,No,Bank transfer (automatic),30.98,1630.89,0.08543208274931223,0
C100396,Male,0,Yes,Yes,27,Yes,Yes,Fiber optic,Yes,No,No,No,Yes,Yes,Month-to-month,Yes,Bank transfer (automatic),86.53,2315.7,0.7751964268022291,1
C100397,Male,0,No,Yes,32,Yes,No,DSL,No,Yes,No,No,Yes,No,Month-to-month,No,Bank transfer (automatic),70.23,2227.6,0.5837107949918952,1
C100398,Male,1,Yes,No,31,No,No phone service,No,No internet service,No internet service,No internet service,No internet service,No internet service,No internet service,Month-to-month,No,Mailed check,22.09,672.87,0.18864791382795187,0
C100399,Male,0,Yes,No,11,Yes,No,DSL,Yes,Yes,Yes,Yes,No,No,Month-to-month,Yes,Credit card (automatic),72.62,785.75,0.5783954217183221,1
C100400,Female,0,Yes,No,16,No,No phone service,DSL,No,No,Yes,No,No,No,Month-to-month,No,Credit card (automatic),46.16,716.07,0.5681004351809699,1
C100401,Female,0,No,No,21,Yes,No,DSL,No,Yes,Yes,No,Yes,No,Month-to-month,No,Bank transfer (automatic),71.37,1451.28,0.6505057615487064,1
C100402,Male,0,Yes,No,0,Yes,No,DSL,Yes,Yes,Yes,No,No,Yes,Month-to-month,Yes,Mailed check,71.45,0.0,0.6856499207566547,1
C100403,Female,0,No,No,36,Yes,No,Fiber optic,No,Yes,No,Yes,Yes,Yes,Month-to-month,Yes,Credit card (automatic),94.0,3401.0,0.6931571298975221,1
C100404,Male,1,No,No,34,Yes,Yes,Fiber optic,No,No,No,No,Yes,Yes,One year,Yes,Mailed check,87.67,2979.52,0.5358898874522579,1
C100405,Female,0,Yes,No,23,Yes,No,No,No internet service,No internet service,No internet service,No internet service,No internet service,No internet service,Month-to-month,Yes,Electronic check,28.38,632.26,0.4743008106744929,0
C100406,Male,0,No,No,12,Yes,No,DSL,No,Yes,Yes,Yes,No,No,Two year,No,Electronic check,67.15,829.51,0.47136879653542807,0
C100407,Male,1,Yes,No,69,Yes,No,DSL,Yes,Yes,Yes,Yes,No,No,Two year,Yes,Electronic check,72.82,5022.59,0.2677253937981238,0
C100408,Female,0,Yes,No,48,Yes,No,DSL,No,No,No,No,Yes,No,Month-to-month,No,Electronic check,58.53,2796.81,0.6142771971148555,1
C100409,Male,0,Yes,No,34,Yes,Yes,DSL,No,No,No,No,No,Yes,Month-to-month,No,Credit card (automatic),64.57,2161.61,0.49084112743258795,0
C100410,Male,0,No,No,52,Yes,No,No,No internet service,No internet service,No internet service,No internet service,No internet service,No internet service,Two year,Yes,Electronic check,30.93,1618.14,0.1796817287057866,0
C100411,Male,0,Yes,No,26,Yes,Yes,Fiber optic,No,Yes,No,No,No,No,Two year,Yes,Mailed check,78.82,2041.58,0.5905238872946199,1
C100412,Male,0,No,Yes,15,Yes,Yes,Fiber optic,Yes,No,Yes,Yes,No,No,Month-to-month,No,Credit card (automatic),85.92,1292.95,0.5977887706612407,1
C100413,Male,0,Yes,No,48,Yes,No,Fiber optic,Yes,No,No,Yes,Yes,No,Month-to-month,Yes,Electronic check,89.1,4279.15,0.6294560475415251,1
C100414,Male,1,No,Yes,55,Yes,Yes,DSL,No,No,Yes,No,No,Yes,Two year,Yes,Bank transfer (automatic),65.53,3615.89,0.4365277003252113,0
C100415,Female,1,Yes,No,46,No,No phone service,DSL,No,No,No,Yes,No,No,One year,No,Credit card (automatic),53.1,2445.86,0.15905374017221272,0
C100416,Female,1,Yes,No,40,Yes,No,Fiber optic,No,Yes,No,No,No,Yes,One year,Yes,Electronic check,76.28,3044.22,0.6324812969174048,1
C100417,Male,0,Yes,No,0,Yes,No,Fiber optic,No,Yes,No,Yes,Yes,Yes,Month-to-month,No,Electronic check,95.92,0.0,0.8483350921354491,1
C100418,Male,0,No,Yes,45,Yes,Yes,DSL,Yes,No,Yes,Yes,No,No,Two year,Yes,Electronic check,71.7,3244.34,0.3978707012382401,0
C100419,Female,1,Yes,No,44,Yes,No,DSL,No,Yes,No,No,No,No,Month-to-month,No,Bank transfer (automatic),60.5,2691.82,0.5069221859245089,1
C100420,Female,0,No,No,29,Yes,No,Fiber optic,Yes,No,Yes,Yes,Yes,No,Month-to-month,No,Mailed check,92.7,2664.77,0.4753905001398253,0
C100421,Female,0,No,No,17,Yes,No,DSL,Yes,Yes,No,No,No,Yes,One year,Yes,Credit card (automatic),66.83,1157.28,0.3485275639352256,0
C100422,Female,0,No,No,70,Yes,Yes,Fiber optic,Yes,No,Yes,No,Yes,Yes,Month-to-month,Yes,Bank transfer (automatic),96.09,6693.38,0.513419133206366,1
C100423,Female,0,Yes,No,27,Yes,Yes,DSL,No,No,No,Yes,No,No,Month-to-month,Yes,Bank transfer (automatic),62.62,1710.11,0.6284379462812839,1
C100424,Male,0,No,No,19,Yes,No,Fiber optic,Yes,No,Yes,No,No,No,One year,No,Credit card (automatic),78.23,1473.65,0.28311910457036094,0
C100425,Male,1,No,Yes,50,Yes,Yes,DSL,No,Yes,No,No,No,No,One year,Yes,Electronic check,60.32,3032.05,0.5409048723545716,1
C100426,Female,0,No,No,34,Yes,No,No,No internet service,No internet service,No internet service,No internet service,No internet service,No internet service,Two year,Yes,Credit card (automatic),34.03,1186.03,0.14709871946145098,0
C100427,Female,0,No,No,40,Yes,Yes,Fiber optic,No,Yes,No,No,No,No,One year,Yes,Bank transfer (automatic),74.08,2966.59,0.49438573581945455,0
C100428,Male,1,No,Yes,46,Yes,Yes,DSL,Yes,No,No,Yes,No,Yes,Month-to-month,No,Bank transfer (automatic),76.08,3498.54,0.34458239111085476,0
C100429,Female,0,No,No,26,Yes,No,Fiber optic,No,Yes,Yes,No,Yes,No,Month-to-month,Yes,Bank transfer (automatic),82.44,2141.49,0.8248792096045133,1
C100430,Male,0,No,No,10,Yes,No,Fiber optic,Yes,No,Yes,No,No,No,Month-to-month,No,Electronic check,81.73,807.87,0.7405958182335294,1
C100431,Female,0,Yes,No,12,Yes,No,Fiber optic,No,No,Yes,Yes,No,Yes,Month-to-month,No,Credit card (automatic),91.8,1124.13,0.6368665904089875,1
C100432,Female,0,No,No,67,Yes,No,No,No internet service,No internet service,No internet service,No internet service,No internet service,No internet service,One year,Yes,Bank transfer (automatic),28.42,1902.26,0.07436195051672957,0
C100433,Male,0,No,No,36,Yes,No,Fiber optic,No,Yes,No,Yes,No,No,Month-to-month,No,Credit card (automatic),80.35,2849.1,0.48231858175911846,0
C100434,Male,0,No,Yes,30,Yes,No,DSL,No,No,Yes,Yes,No,Yes,Month-to-month,Yes,Credit card (automatic),70.04,2118.79,0.5701461921548289,1
C100435,Male,0,No,No,22,No,No phone service,DSL,No,Yes,Yes,Yes,No,Yes,Month-to-month,No,Bank transfer (automatic),67.6,1503.73,0.4632307891081023,0
C100436,Female,0,Yes,No,51,Yes,No,DSL,No,No,Yes,Yes,No,No,Month-to-month,No,Credit card (automatic),64.38,3284.15,0.3174719936815976,0
C100437,Female,0,Yes,No,65,No,No phone service,Fiber optic,No,No,Yes,No,Yes,No,Month-to-month,Yes,Electronic check,72.26,4681.38,0.7443934769651174,1
C100438,Male,0,Yes,No,55,No,No phone service,No,No internet service,No internet service,No internet service,No internet service,No internet service,No internet service,One year,Yes,Electronic check,19.01,1022.11,0.13587480456831877,0
C100439,Male,0,No,No,38,Yes,No,Fiber optic,Yes,No,Yes,No,Yes,Yes,Month-to-month,No,Electronic check,96.61,3655.45,0.6372105145050819,1
C100440,Female,0,Yes,No,34,Yes,No,DSL,No,No,No,No,Yes,No,Two year,Yes,Electronic check,55.52,1891.7,0.6281667088054037,1
C100441,Male,1,No,Yes,62,Yes,No,No,No internet service,No internet service,No internet service,No internet service,No internet service,No internet service,Month-to-month,Yes,Bank transfer (automatic),30.94,1881.54,0.25978868897747476,0
C100442,Male,0,No,No,61,No,No phone service,Fiber optic,No,No,Yes,Yes,No,Yes,Two year,No,Electronic check,75.97,4642.88,0.2787672070649556,0
C100443,Male,0,No,No,28,Yes,No,DSL,Yes,Yes,No,Yes,Yes,No,Two year,Yes,Bank transfer (automatic),75.88,2126.18,0.3377638443527402,0
C100444,Female,0,Yes,No,69,Yes,No,No,No internet service,No internet service,No internet service,No internet service,No internet service,No internet service,Two year,Yes,Credit card (automatic),30.71,2144.98,0.09271481848016012,0
C100445,Female,0,No,Yes,59,Yes,No,DSL,Yes,Yes,No,No,Yes,No,Two year,Yes,Credit card (automatic),70.15,4152.64,0.3062185018957383,0
C100446,Male,0,Yes,No,60,Yes,Yes,Fiber optic,No,Yes,No,No,No,Yes,Month-to-month,Yes,Mailed check,83.55,4998.39,0.5825202760470866,1
C100447,Female,0,No,Yes,4,Yes,No,Fiber optic,No,No,No,No,Yes,No,Month-to-month,Yes,Credit card (automatic),77.02,274.26,0.8803471246949416,1
C100448,Female,1,Yes,No,9,Yes,Yes,No,No internet service,No internet service,No internet service,No internet service,No internet service,No internet service,One year,Yes,Credit card (automatic),37.37,319.93,0.22701488408712203,0
C100449,Male,0,Yes,No,21,Yes,No,DSL,Yes,No,No,Yes,Yes,No,Month-to-month,Yes,Credit card (automatic),65.09,1394.43,0.541832280642881,1
C100450,Female,1,Yes,Yes,54,Yes,No,DSL,No,No,No,Yes,No,No,One year,Yes,Electronic check,65.62,3549.24,0.37295470651175566,0
C100451,Female,1,No,No,5,Yes,Yes,Fiber optic,No,No,Yes,No,Yes,Yes,One year,No,Bank transfer (automatic),95.4,488.94,0.6584146539812551,1
C100452,Male,0,Yes,No,5,Yes,Yes,No,No internet service,No internet service,No internet service,No internet service,No internet service,No internet service,Month-to-month,No,Electronic check,28.62,130.53,0.43236778656517505,0
C100453,Male,0,No,Yes,2,Yes,No,DSL,No,No,No,Yes,Yes,No,Month-to-month,Yes,Electronic check,67.12,143.93,0.8471435674604478,1
C100454,Female,0,No,No,13,Yes,No,DSL,No,Yes,Yes,Yes,Yes,Yes,One year,Yes,Electronic check,84.43,1067.16,0.6157959747360956,1
C100455,Female,1,No,No,66,Yes,No,No,No internet service,No internet service,No internet service,No internet service,No internet service,No internet service,One year,Yes,Bank transfer (automatic),32.3,2150.26,0.08782869650095633,0
C100456,Male,0,Yes,Yes,51,Yes,Yes,Fiber optic,No,Yes,No,Yes,Yes,Yes,Two year,Yes,Electronic check,99.19,5035.61,0.6160602276121848,1
C100457,Female,0,Yes,No,51,Yes,No,DSL,Yes,No,Yes,Yes,No,Yes,One year,No,Mailed check,76.93,3883.93,0.07760632367942201,0
C100458,Female,1,Yes,No,21,Yes,No,DSL,No,Yes,No,No,No,No,Month-to-month,Yes,Bank transfer (automatic),53.92,1177.52,0.7506019556248483,1
C100459,Male,0,Yes,Yes,45,Yes,No,Fiber optic,Yes,Yes,No,No,No,Yes,Month-to-month,Yes,Electronic check,88.26,3974.47,0.7218817598602718,1
C100460,Female,0,No,Yes,56,No,No phone service,Fiber optic,No,Yes,Yes,No,No,No,Month-to-month,No,Mailed check,69.59,3899.11,0.5045579065179912,1
C100461,Male,0,Yes,No,38,Yes,No,Fiber optic,No,No,Yes,No,No,No,Month-to-month,No,Credit card (automatic),77.67,2913.9,0.5375349887077447,1
C100462,Female,1,Yes,No,61,Yes,No,Fiber optic,No,Yes,No,No,No,No,One year,Yes,Credit card (automatic),70.17,4292.52,0.37113206757852135,0
C100463,Male,1,Yes,No,41,Yes,No,DSL,No,No,Yes,No,No,Yes,One year,No,Credit card (automatic),61.96,2558.08,0.21948986940525209,0
C100464,Male,0,No,No,23,Yes,No,Fiber optic,No,Yes,Yes,No,Yes,Yes,Two year,Yes,Bank transfer (automatic),90.04,2066.96,0.6647226384931451,1
C100465,Female,0,Yes,No,45,Yes,No,DSL,No,Yes,Yes,No,Yes,No,Month-to-month,No,Electronic check,72.33,3272.77,0.6536089118286557,1
C100466,Male,0,No,No,67,Yes,No,No,No internet service,No internet service,No internet service,No internet service,No internet service,No internet service,Month-to-month,Yes,Electronic check,34.03,2303.35,0.2724271536032937,0
C100467,Female,0,Yes,No,59,Yes,Yes,DSL,Yes,No,No,No,Yes,No,Month-to-month,Yes,Mailed check,67.19,3974.47,0.46587519103864466,0
C100468,Male,0,No,No,35,Yes,Yes,DSL,No,No,No,Yes,No,No,Month-to-month,Yes,Credit card (automatic),62.98,2161.11,0.5479406786715714,1
C100469,Female,0,No,No,42,Yes,No,DSL,No,No,No,No,No,No,Month-to-month,Yes,Electronic check,62.18,2588.52,0.6978829407489069,1
C100470,Female,0,Yes,No,70,Yes,Yes,DSL,No,Yes,No,No,Yes,No,Month-to-month,Yes,Electronic check,66.62,4697.0,0.7002765706592213,1
C100471,Female,0,Yes,No,53,Yes,No,Fiber optic,No,No,No,No,Yes,No,Month-to-month,No,Credit card (automatic),77.69,4119.13,0.5244457360183428,1
C100472,Male,0,Yes,No,36,Yes,No,Fiber optic,No,No,No,No,No,Yes,Month-to-month,Yes,Bank transfer (automatic),74.87,2697.07,0.6817315614567833,1
C100473,Male,0,Yes,Yes,20,Yes,No,No,No internet service,No internet service,No internet service,No internet service,No internet service,No internet service,One year,No,Mailed check,31.19,607.1,0.07844805554310438,0
C100474,Female,0,Yes,No,65,Yes,Yes,Fiber optic,No,No,No,No,No,No,One year,Yes,Credit card (automatic),70.83,4591.47,0.3228156082672079,0
C100475,Female,0,No,No,70,Yes,Yes,Fiber optic,Yes,Yes,No,No,Yes,No,Month-to-month,No,Bank transfer (automatic),85.91,6037.23,0.41033829764024304,0
C100476,Female,0,No,Yes,5,Yes,No,DSL,Yes,No,No,Yes,No,No,One year,Yes,Credit card (automatic),65.07,355.33,0.3414737769141492,0
C100477,Male,1,Yes,Yes,2,Yes,No,Fiber optic,No,Yes,Yes,No,No,No,Month-to-month,Yes,Mailed check,76.64,169.22,0.8789017121963958,1
C100478,Female,0,No,No,8,Yes,Yes,DSL,No,No,Yes,Yes,No,No,Month-to-month,Yes,Mailed check,67.24,548.95,0.699196984561377,1
C100479,Male,0,Yes,No,27,Yes,No,DSL,No,No,Yes,No,No,No,One year,Yes,Electronic check,60.31,1641.03,0.4965866507398333,0
C100480,Male,1,No,No,11,No,No phone service,DSL,No,No,No,No,No,Yes,Month-to-month,Yes,Mailed check,55.73,611.58,0.6962011951923825,1
C100481,Female,0,Yes,No,63,Yes,Yes,DSL,No,Yes,No,No,Yes,Yes,One year,No,Electronic check,72.52,4544.92,0.3195804244945624,0
C100482,Male,0,No,No,65,Yes,No,Fiber optic,No,Yes,No,No,No,Yes,Month-to-month,Yes,Electronic check,77.53,5010.98,0.6806946325983663,1
C100483,Female,0,No,No,12,Yes,No,DSL,No,Yes,No,Yes,No,Yes,Month-to-month,Yes,Electronic check,71.02,878.58,0.787074592379865,1
C100484,Male,1,Yes,Yes,59,Yes,No,DSL,No,No,No,No,No,No,Month-to-month,Yes,Mailed check,52.87,3118.77,0.5306703541860393,1
C100485,Male,0,Yes,No,10,Yes,No,Fiber optic,No,Yes,No,Yes,No,No,Month-to-month,No,Electronic check,75.91,768.66,0.766598653622332,1
C100486,Male,1,Yes,Yes,56,Yes,No,DSL,No,Yes,No,Yes,No,Yes,Month-to-month,Yes,Electronic check,73.66,4129.21,0.6362971819527665,1
C100487,Female,0,No,No,26,Yes,Yes,Fiber optic,No,No,Yes,No,Yes,No,Month-to-month,Yes,Mailed check,83.2,2168.46,0.8154862766584532,1
C100488,Female,0,No,No,2,No,No phone service,DSL,Yes,Yes,No,No,Yes,No,Month-to-month,Yes,Electronic check,60.45,127.79,0.8413903475095619,1
C100489,Female,0,No,No,30,Yes,Yes,No,No internet service,No internet service,No internet service,No internet service,No internet service,No internet service,Month-to-month,No,Electronic check,28.18,859.41,0.3637010590070603,0
C100490,Female,0,No,No,59,Yes,No,Fiber optic,No,No,No,Yes,No,No,One year,No,Credit card (automatic),74.54,4382.4,0.14730606804158988,0
C100491,Female,0,No,No,67,Yes,No,DSL,Yes,Yes,Yes,No,Yes,No,Two year,Yes,Mailed check,70.46,4744.49,0.23333045060199897,0
C100492,Female,0,No,Yes,8,No,No phone service,No,No internet service,No internet service,No internet service,No internet service,No internet service,No internet service,Two year,Yes,Credit card (automatic),19.95,144.84,0.22960185301177105,0
C100493,Female,1,No,Yes,60,Yes,Yes,Fiber optic,No,No,Yes,Yes,No,Yes,One year,Yes,Electronic check,89.34,5364.94,0.4906192033528662,0
C100494,Male,0,No,Yes,21,No,No phone service,DSL,Yes,No,Yes,No,No,No,Two year,Yes,Mailed check,54.33,1117.35,0.37149643091389906,0
C100495,Male,0,Yes,Yes,33,Yes,No,Fiber optic,No,No,Yes,Yes,Yes,No,Month-to-month,No,Electronic check,84.33,2779.64,0.7287416266667539,1
C100496,Male,0,No,No,7,Yes,No,Fiber optic,No,No,Yes,Yes,Yes,Yes,One year,No,Mailed check,89.87,615.88,0.4014679487348513,0
C100497,Male,0,Yes,No,70,Yes,No,DSL,No,No,No,No,No,No,One year,Yes,Credit card (automatic),54.52,3816.67,0.17659775802562694,0
C100498,Female,0,Yes,No,56,Yes,No,DSL,No,No,Yes,No,Yes,No,Two year,No,Credit card (automatic),65.89,3704.69,0.24536420323385164,0
C100499,Male,0,No,No,46,Yes,No,DSL,Yes,Yes,No,No,Yes,Yes,One year,Yes,Bank transfer (automatic),74.55,3430.91,0.24821443153900416,0
C100500,Male,0,Yes,Yes,52,Yes,No,Fiber optic,Yes,No,Yes,No,No,No,Two year,No,Electronic check,76.66,4025.35,0.3581225346110679,0
C100501,Female,0,Yes,Yes,62,Yes,No,No,No internet service,No internet service,No internet service,No internet service,No internet service,No internet service,Month-to-month,No,Bank transfer (automatic),27.76,1737.24,0.15712267741344063,0
C100502,Female,1,Yes,No,10,Yes,No,Fiber optic,Yes,No,No,No,Yes,No,Two year,No,Bank transfer (automatic),79.35,788.97,0.5518115664359783,1
C100503,Female,0,No,No,17,Yes,No,No,No internet service,No internet service,No internet service,No internet service,No internet service,No internet service,Month-to-month,Yes,Mailed check,28.87,489.04,0.3211827806175745,0
C100504,Male,0,No,No,2,Yes,No,DSL,No,No,No,No,No,Yes,Month-to-month,Yes,Mailed check,58.25,124.06,0.7045851122753499,1
C100505,Male,0,Yes,Yes,35,Yes,No,Fiber optic,No,No,No,No,No,Yes,Month-to-month,Yes,Mailed check,74.89,2635.1,0.6884123936924426,1
C100506,Female,0,Yes,No,35,Yes,No,No,No internet service,No internet service,No internet service,No internet service,No internet service,No internet service,Month-to-month,Yes,Electronic check,33.09,1133.48,0.421137737231475,0
C100507,Male,1,No,No,2,Yes,No,Fiber optic,Yes,No,No,No,No,Yes,Month-to-month,Yes,Bank transfer (automatic),80.26,173.26,0.8011116738475335,1
C100508,Male,1,No,No,47,Yes,No,DSL,No,No,No,No,No,No,Month-to-month,No,Electronic check,51.9,2415.27,0.5868855129715047,1
C100509,Male,1,Yes,Yes,0,Yes,No,DSL,Yes,No,No,Yes,No,No,Month-to-month,Yes,Bank transfer (automatic),60.35,0.0,0.6840366123960734,1
C100510,Female,0,No,Yes,57,Yes,No,DSL,No,Yes,No,Yes,No,Yes,One year,Yes,Mailed check,75.59,4330.69,0.18610005907221747,0
C100511,Female,0,No,No,50,Yes,No,Fiber optic,No,No,No,No,No,No,Month-to-month,No,Mailed check,72.85,3648.41,0.4530133979387467,0
C100512,Female,0,Yes,No,58,Yes,No,No,No internet service,No internet service,No internet service,No internet service,No internet service,No internet service,One year,Yes,Electronic check,30.71,1734.75,0.13961312290514163,0
C100513,Female,0,No,No,8,Yes,Yes,DSL,No,Yes,Yes,No,No,No,One year,Yes,Bank transfer (automatic),68.91,515.61,0.5711056770781279,1
C100514,Female,0,No,No,62,No,No phone service,DSL,Yes,No,Yes,No,Yes,No,One year,Yes,Mailed check,61.32,3813.03,0.17775195600401383,0
C100515,Male,0,No,No,39,Yes,Yes,DSL,No,Yes,No,No,Yes,No,One year,No,Electronic check,67.81,2595.55,0.4228685879695543,0
C100516,Female,1,Yes,No,62,Yes,No,Fiber optic,No,No,Yes,No,Yes,No,Month-to-month,Yes,Mailed check,76.9,4779.97,0.6571295790355689,1
C100517,Male,0,No,No,50,Yes,No,Fiber optic,Yes,No,No,No,Yes,Yes,Two year,Yes,Electronic check,91.77,4608.28,0.4863914485339126,0
C100518,Male,0,No,No,47,Yes,No,DSL,No,No,Yes,No,Yes,No,Two year,Yes,Mailed check,63.91,3026.35,0.36039633854882963,0
C100519,Female,0,No,No,2,No,No phone service,Fiber optic,No,No,No,Yes,No,Yes,Month-to-month,Yes,Bank transfer (automatic),71.04,137.26,0.7840312098361285,1
C100520,Male,0,No,No,49,No,No phone service,DSL,No,Yes,Yes,No,Yes,No,Month-to-month,No,Mailed check,59.09,2904.36,0.43477969880384865,0
C100521,Male,0,No,No,32,Yes,No,Fiber optic,No,No,No,Yes,Yes,No,Month-to-month,No,Electronic check,82.14,2632.55,0.68276208821013,1
C100522,Male,0,No,No,61,Yes,No,Fiber optic,No,Yes,No,Yes,No,No,Two year,Yes,Electronic check,81.44,4938.19,0.42002263823125346,0
C100523,Female,1,No,No,49,Yes,Yes,DSL,No,Yes,No,No,No,Yes,Two year,Yes,Mailed check,69.15,3403.2,0.42458078939038724,0
C100524,Male,0,Yes,No,5,Yes,Yes,Fiber optic,No,No,Yes,Yes,Yes,Yes,Two year,Yes,Electronic check,93.56,495.6,0.8203564552787903,1
C100525,Male,0,Yes,No,64,Yes,Yes,Fiber optic,No,No,Yes,No,Yes,No,Two year,No,Credit card (automatic),83.06,5329.93,0.3025375731658925,0
C100526,Female,0,Yes,No,4,No,No phone service,Fiber optic,No,No,No,No,No,Yes,One year,Yes,Bank transfer (automatic),67.36,259.37,0.5994485544466628,1
C100527,Male,0,No,No,21,Yes,No,Fiber optic,No,Yes,Yes,No,No,No,Month-to-month,Yes,Bank transfer (automatic),76.35,1618.04,0.7855260391599395,1
C100528,Female,0,Yes,No,15,Yes,Yes,Fiber optic,No,No,Yes,Yes,No,Yes,Month-to-month,Yes,Electronic check,92.62,1415.2,0.8698948485626206,1
C100529,Female,0,No,No,70,Yes,No,DSL,No,Yes,No,No,No,No,Month-to-month,Yes,Credit card (automatic),58.95,4149.78,0.45006928975751276,0
C100530,Female,0,Yes,No,11,Yes,Yes,No,No internet service,No internet service,No internet service,No internet service,No internet service,No internet service,Month-to-month,No,Bank transfer (automatic),37.0,427.5,0.30022731802077424,0
C100531,Male,0,Yes,No,60,Yes,No,No,No internet service,No internet service,No internet service,No internet service,No internet service,No internet service,Month-to-month,Yes,Mailed check,26.52,1559.34,0.18397490238511424,0
C100532,Male,0,No,No,15,Yes,Yes,DSL,Yes,Yes,No,No,No,Yes,Month-to-month,No,Bank transfer (automatic),74.64,1127.51,0.5380451228642208,1
C100533,Male,0,Yes,Yes,46,Yes,Yes,No,No internet service,No internet service,No internet service,No internet service,No internet service,No internet service,Two year,Yes,Electronic check,30.77,1428.52,0.2664802818318243,0
C100534,Female,0,No,No,6,Yes,Yes,Fiber optic,Yes,Yes,Yes,No,No,Yes,Month-to-month,Yes,Credit card (automatic),90.41,563.26,0.8309568870994605,1
C100535,Male,1,Yes,No,28,Yes,No,DSL,No,No,Yes,No,Yes,Yes,Two year,No,Electronic check,73.26,2061.65,0.5471117836249493,1
C100536,Male,0,No,No,44,Yes,No,Fiber optic,No,No,No,No,No,Yes,Two year,Yes,Credit card (automatic),75.43,3349.91,0.42399212758071764,0
C100537,Male,0,Yes,No,51,Yes,No,DSL,Yes,Yes,No,No,No,Yes,Month-to-month,No,Credit card (automatic),76.49,3864.61,0.2749382508649856,0
C100538,Female,1,No,No,62,Yes,Yes,Fiber optic,No,Yes,No,No,No,Yes,Month-to-month,Yes,Mailed check,84.3,5237.46,0.6429130196969399,1
C100539,Male,0,No,No,58,No,No phone service,No,No internet service,No internet service,No internet service,No internet service,No internet service,No internet service,Month-to-month,Yes,Credit card (automatic),18.26,1068.69,0.20394837941234303,0
C100540,Female,0,Yes,No,37,No,No phone service,DSL,No,No,No,No,Yes,No,Two year,Yes,Electronic check,52.3,1953.14,0.6002775265125786,1
C100541,Male,0,Yes,No,21,Yes,No,Fiber optic,No,No,No,Yes,No,No,One year,No,Bank transfer (automatic),75.41,1614.39,0.281679770613855,0
C100542,Male,0,Yes,No,18,Yes,Yes,DSL,No,Yes,No,No,No,Yes,Month-to-month,No,Mailed check,70.08,1243.68,0.5797142990608168,1
C100543,Male,0,No,No,71,Yes,No,Fiber optic,No,No,No,No,Yes,No,One year,No,Mailed check,75.26,5373.6,0.15557752962099394,0
C100544,Female,1,No,No,43,Yes,No,Fiber optic,No,No,No,Yes,Yes,No,Two year,No,Mailed check,83.02,3586.02,0.3269307590885626,0
C100545,Male,0,Yes,No,65,Yes,No,DSL,Yes,No,Yes,Yes,Yes,No,Month-to-month,Yes,Bank transfer (automatic),76.5,4968.5,0.31359156040153774,0
C100546,Male,0,Yes,No,31,Yes,No,Fiber optic,No,Yes,No,No,No,No,One year,No,Bank transfer (automatic),74.2,2281.9,0.32807982773163435,0
C100547,Female,0,No,Yes,34,Yes,No,DSL,No,No,No,Yes,Yes,No,Month-to-month,Yes,Electronic check,69.6,2370.48,0.7511608269636391,1
C100548,Female,0,No,No,59,Yes,No,Fiber optic,No,No,Yes,No,No,No,Month-to-month,No,Mailed check,69.49,4105.73,0.4313847524386287,0
C100549,Female,0,No,Yes,52,Yes,Yes,Fiber optic,No,No,No,No,No,No,Two year,No,Electronic check,73.24,3815.5,0.5173598436792803,1
C100550,Female,0,No,No,14,No,No phone service,Fiber optic,No,No,No,No,No,No,Month-to-month,Yes,Bank transfer (automatic),58.25,802.92,0.7910482230595828,1
C100551,Male,0,No,No,37,Yes,No,DSL,Yes,No,Yes,Yes,No,No,Two year,No,Electronic check,66.63,2477.44,0.23800799499546144,0
C100552,Female,0,No,No,15,No,No phone service,Fiber optic,Yes,No,No,No,No,No,One year,No,Mailed check,62.91,935.47,0.2804610266261194,0
C100553,Male,0,Yes,No,54,Yes,No,Fiber optic,Yes,No,Yes,Yes,No,No,Month-to-month,Yes,Credit card (automatic),83.45,4530.66,0.40390014997048684,0
C100554,Female,0,Yes,No,2,Yes,Yes,Fiber optic,No,Yes,No,No,No,No,One year,No,Credit card (automatic),76.41,187.03,0.5621186781422413,1
C100555,Female,0,Yes,No,59,No,No phone service,Fiber optic,No,No,No,No,Yes,Yes,Month-to-month,Yes,Bank transfer (automatic),72.84,4281.5,0.6382941200612314,1
C100556,Female,0,No,No,66,Yes,Yes,Fiber optic,Yes,Yes,No,No,Yes,No,Month-to-month,No,Electronic check,89.36,5898.68,0.5673714187860192,1
C100557,Female,0,Yes,No,1,Yes,No,DSL,Yes,No,No,No,No,No,Month-to-month,No,Bank transfer (automatic),58.98,78.42,0.5533304849706225,1
C100558,Female,0,No,No,45,Yes,No,DSL,No,No,No,Yes,Yes,Yes,Two year,Yes,Mailed check,76.96,3468.79,0.29277859544636275,0
C100559,Female,0,No,No,5,Yes,No,No,No internet service,No internet service,No internet service,No internet service,No internet service,No internet service,Two year,Yes,Electronic check,29.07,118.31,0.3432601561728902,0
C100560,Female,0,No,Yes,25,Yes,No,DSL,Yes,Yes,No,Yes,No,Yes,Month-to-month,Yes,Credit card (automatic),71.13,1795.64,0.5494473521861644,1
C100561,Male,0,No,Yes,24,Yes,No,No,No internet service,No internet service,No internet service,No internet service,No internet service,No internet service,Month-to-month,No,Electronic check,29.14,687.21,0.3424571283008676,0
C100562,Male,0,Yes,No,37,Yes,No,Fiber optic,Yes,No,No,No,Yes,No,Two year,No,Mailed check,81.12,3005.37,0.28103453680795615,0
C100563,Male,0,No,Yes,66,Yes,No,No,No internet service,No internet service,No internet service,No internet service,No internet service,No internet service,One year,No,Bank transfer (automatic),21.82,1420.08,0.0500172171033988,0
C100564,Female,0,Yes,No,33,Yes,No,Fiber optic,Yes,No,Yes,Yes,No,Yes,Month-to-month,No,Credit card (automatic),94.02,3118.5,0.40995398654761295,0
C100565,Male,0,No,Yes,28,Yes,Yes,Fiber optic,No,No,No,No,Yes,No,Month-to-month,Yes,Credit card (automatic),78.75,2196.64,0.8226286920786656,1
C100566,Male,0,No,No,6,Yes,No,Fiber optic,No,No,No,No,Yes,Yes,Month-to-month,Yes,Electronic check,79.12,492.72,0.9085788214842383,1
C100567,Male,0,No,Yes,63,Yes,No,Fiber optic,No,Yes,No,No,No,Yes,Month-to-month,No,Bank transfer (automatic),77.6,4884.48,0.45651413905847005,0
C100568,Female,0,No,Yes,22,Yes,Yes,DSL,Yes,Yes,No,No,No,No,Month-to-month,Yes,Credit card (automatic),68.9,1506.27,0.6885798959410425,1
C100569,Female,0,Yes,No,33,No,No phone service,DSL,Yes,No,No,No,No,No,One year,Yes,Bank transfer (automatic),52.21,1731.17,0.25584611763456233,0
C100570,Female,1,No,No,6,Yes,No,DSL,No,No,Yes,No,No,No,One year,Yes,Electronic check,57.38,322.78,0.6798318662309025,1
C100571,Male,0,No,No,20,Yes,Yes,No,No internet service,No internet service,No internet service,No internet service,No internet service,No internet service,Month-to-month,Yes,Bank transfer (automatic),29.61,628.2,0.3708784871060088,0
C100572,Male,0,No,No,39,Yes,No,DSL,No,No,Yes,No,No,Yes,One year,No,Credit card (automatic),65.33,2551.47,0.18647999529680176,0
C100573,Male,0,Yes,Yes,64,Yes,Yes,Fiber optic,No,No,No,Yes,Yes,Yes,Month-to-month,Yes,Electronic check,91.79,5862.98,0.7047589884989479,1
C100574,Male,0,Yes,No,23,Yes,Yes,Fiber optic,No,No,Yes,No,Yes,Yes,One year,Yes,Bank transfer (automatic),90.41,2071.52,0.6102716681614481,1
C100575,Male,0,No,No,40,Yes,No,DSL,No,No,No,No,No,No,Month-to-month,Yes,Bank transfer (automatic),53.59,2144.04,0.5635741506554431,1
C100576,Female,0,Yes,Yes,63,Yes,No,No,No internet service,No internet service,No internet service,No internet service,No internet service,No internet service,Month-to-month,Yes,Bank transfer (automatic),29.69,1890.69,0.2406529775182213,0
C100577,Female,0,No,No,25,Yes,No,DSL,No,No,Yes,No,Yes,No,Month-to-month,Yes,Electronic check,65.05,1608.37,0.825138738132936,1
C100578,Female,1,No,No,21,Yes,No,Fiber optic,No,No,No,No,No,No,Month-to-month,No,Electronic check,72.42,1513.38,0.8055450740653342,1
C100579,Male,0,No,No,3,Yes,No,Fiber optic,Yes,No,Yes,No,No,No,One year,Yes,Bank transfer (automatic),82.32,245.98,0.5159441296422851,1
C100580,Male,0,Yes,No,65,Yes,No,DSL,Yes,No,No,No,Yes,No,Month-to-month,No,Electronic check,70.0,4580.96,0.377552321991166,0
C100581,Female,1,No,No,7,Yes,No,DSL,No,Yes,No,No,No,Yes,Month-to-month,Yes,Electronic check,68.26,497.78,0.8742723441613098,1
C100582,Male,0,Yes,Yes,15,Yes,Yes,Fiber optic,No,No,No,Yes,No,No,Month-to-month,Yes,Mailed check,83.53,1284.81,0.7592144024013366,1
C100583,Male,0,No,No,10,Yes,No,DSL,No,Yes,No,No,Yes,Yes,One year,No,Electronic check,73.53,735.95,0.5242130922808929,1
C100584,Male,0,No,No,50,Yes,No,Fiber optic,Yes,No,No,No,No,No,One year,Yes,Bank transfer (automatic),73.53,3704.99,0.24861993132975616,0
C100585,Female,0,Yes,Yes,26,Yes,No,Fiber optic,Yes,No,Yes,No,No,No,One year,Yes,Credit card (automatic),82.83,2179.02,0.4329122256332318,0
C100586,Female,0,Yes,Yes,50,Yes,No,DSL,No,No,No,No,No,Yes,Two year,Yes,Mailed check,57.56,2891.88,0.34545207821834084,0
C100587,Male,0,Yes,No,43,No,No phone service,DSL,No,Yes,Yes,Yes,Yes,No,One year,No,Electronic check,70.91,3064.72,0.27880642488999313,0
C100588,Female,0,No,No,1,Yes,No,DSL,No,No,No,Yes,No,No,Month-to-month,No,Electronic check,58.56,46.67,0.6988494157489864,1
C100589,Female,0,No,No,22,Yes,No,Fiber optic,No,Yes,No,No,Yes,No,Two year,Yes,Bank transfer (automatic),82.22,1845.39,0.6779941392855386,1
C100590,Female,0,Yes,No,0,Yes,No,Fiber optic,No,No,Yes,No,Yes,No,Month-to-month,No,Mailed check,83.61,0.0,0.7922669339503061,1
C100591,Female,0,Yes,No,4,Yes,No,DSL,No,No,No,No,No,Yes,One year,Yes,Credit card (automatic),62.15,259.79,0.474860197032311,0
C100592,Male,0,No,No,34,Yes,No,Fiber optic,No,No,Yes,No,No,No,Two year,No,Bank transfer (automatic),68.87,2355.25,0.3809777051292952,0
C100593,Female,1,Yes,No,19,Yes,No,Fiber optic,Yes,Yes,No,Yes,No,No,Month-to-month,No,Mailed check,82.63,1542.55,0.5503464997479639,1
C100594,Male,0,No,No,6,Yes,No,Fiber optic,No,No,No,No,No,No,Month-to-month,Yes,Mailed check,70.89,424.33,0.7832740958391835,1
C100595,Female,0,No,Yes,29,Yes,No,DSL,No,No,No,No,Yes,No,Month-to-month,Yes,Bank transfer (automatic),62.59,1819.15,0.7279121575878216,1
C100596,Female,0,No,Yes,32,Yes,Yes,DSL,No,No,No,No,No,No,Two year,No,Electronic check,57.55,1839.43,0.5225331225248377,1
C100597,Female,0,No,No,71,Yes,Yes,DSL,No,No,Yes,No,Yes,No,Month-to-month,Yes,Mailed check,68.19,4840.41,0.505733289210696,1
C100598,Female,0,No,Yes,47,Yes,No,Fiber optic,Yes,No,No,No,No,No,Two year,No,Electronic check,71.33,3382.26,0.40132897013714,0
C100599,Female,0,No,No,28,Yes,No,Fiber optic,No,No,No,No,Yes,Yes,Month-to-month,Yes,Bank transfer (automatic),86.44,2403.66,0.7820398369070474,1
C100600,Female,0,Yes,No,34,Yes,Yes,DSL,No,Yes,Yes,No,Yes,Yes,Month-to-month,No,Bank transfer (automatic),77.06,2594.5,0.6347786228066734,1
C100601,Female,1,Yes,No,6,Yes,Yes,DSL,Yes,No,No,No,No,No,Month-to-month,Yes,Credit card (automatic),64.97,378.1,0.7462645059495752,1
C100602,Female,0,No,No,27,Yes,No,Fiber optic,No,No,Yes,Yes,No,No,Two year,No,Electronic check,83.51,2269.63,0.495359137085661,0
C100603,Male,0,Yes,No,41,Yes,No,DSL,Yes,Yes,No,No,No,No,Month-to-month,Yes,Credit card (automatic),61.11,2522.44,0.4800207967579856,0
C100604,Female,1,No,Yes,1,Yes,No,Fiber optic,No,Yes,No,No,No,No,Two year,No,Bank transfer (automatic),74.32,86.44,0.6894463064521535,1
C100605,Female,1,No,No,66,Yes,No,Fiber optic,No,No,Yes,Yes,No,Yes,One year,No,Bank transfer (automatic),86.69,5740.1,0.15438157314688697,0
C100606,Male,0,No,Yes,37,Yes,No,DSL,Yes,No,Yes,No,No,No,Two year,No,Bank transfer (automatic),63.35,2349.25,0.22303939611621773,0
C100607,Female,0,Yes,No,56,No,No phone service,Fiber optic,No,No,No,Yes,No,No,Month-to-month,No,Credit card (automatic),68.32,3815.47,0.3690793792888665,0
C100608,Female,0,No,Yes,19,No,No phone service,DSL,No,No,Yes,No,No,No,Month-to-month,Yes,Bank transfer (automatic),47.33,880.4,0.7274333622297842,1
C100609,Female,0,No,Yes,60,Yes,Yes,Fiber optic,No,No,Yes,No,Yes,No,Month-to-month,Yes,Electronic check,83.14,4963.0,0.8226298477027387,1
C100610,Female,0,Yes,Yes,26,Yes,No,DSL,No,No,No,No,No,No,Month-to-month,Yes,Mailed check,54.07,1401.35,0.6603447433954504,1
C100611,Male,1,No,No,66,Yes,Yes,Fiber optic,Yes,Yes,No,No,No,No,One year,Yes,Credit card (automatic),87.81,5811.48,0.2501700681121942,0
C100612,Female,1,No,Yes,37,Yes,Yes,Fiber optic,No,No,No,No,No,No,Month-to-month,Yes,Mailed check,71.34,2644.43,0.7864341624373217,1
C100613,Male,0,No,No,45,Yes,Yes,DSL,No,No,No,Yes,No,Yes,Two year,No,Credit card (automatic),71.86,3234.27,0.18809606804126666,0
C100614,Female,0,No,No,14,Yes,Yes,Fiber optic,Yes,No,No,Yes,Yes,No,Month-to-month,No,Credit card (automatic),94.49,1301.77,0.6342429758678844,1
C100615,Female,1,Yes,No,71,Yes,No,Fiber optic,No,Yes,No,No,No,Yes,Month-to-month,Yes,Electronic check,77.7,5568.58,0.7184310004273607,1
C100616,Male,1,No,No,13,Yes,No,No,No internet service,No internet service,No internet service,No internet service,No internet service,No internet service,One year,Yes,Credit card (automatic),30.24,376.59,0.1632909498184423,0
C100617,Male,0,No,Yes,2,Yes,No,DSL,Yes,No,Yes,No,Yes,No,Month-to-month,Yes,Mailed check,67.53,137.48,0.7332768659333192,1
C100618,Male,0,Yes,No,31,No,No phone service,DSL,Yes,No,No,Yes,No,No,Month-to-month,No,Electronic check,50.97,1600.06,0.4305328805563229,0
C100619,Male,0,Yes,No,60,Yes,No,DSL,No,No,No,Yes,No,Yes,Two year,No,Bank transfer (automatic),65.04,3903.09,0.12888595027609254,0
C100620,Male,0,Yes,No,66,Yes,Yes,No,No internet service,No internet service,No internet service,No internet service,No internet service,No internet service,Month-to-month,Yes,Credit card (automatic),31.57,2067.75,0.21414773394868908,0
C100621,Male,0,Yes,No,61,Yes,No,Fiber optic,No,No,No,No,No,No,One year,Yes,Mailed check,68.72,4208.26,0.25203280617227236,0
C100622,Male,1,No,No,39,No,No phone service,DSL,No,No,Yes,Yes,Yes,No,Month-to-month,No,Electronic check,60.25,2322.99,0.6084935410788745,1
C100623,Male,1,Yes,No,66,Yes,No,Fiber optic,No,No,No,No,No,No,Month-to-month,Yes,Bank transfer (automatic),70.02,4655.85,0.5755955455933047,1
C100624,Female,1,No,Yes,35,Yes,No,DSL,Yes,No,No,No,Yes,No,Month-to-month,No,Bank transfer (automatic),63.01,2210.92,0.534400244730934,1
C100625,Male,0,Yes,No,34,Yes,Yes,Fiber optic,No,Yes,Yes,Yes,No,Yes,Two year,Yes,Bank transfer (automatic),93.88,3186.82,0.5099377982317858,1
C100626,Male,0,No,Yes,13,Yes,No,Fiber optic,Yes,No,No,Yes,No,Yes,Month-to-month,No,Mailed check,90.03,1142.11,0.5088674868918638,1
C100627,Male,0,Yes,No,56,Yes,No,Fiber optic,Yes,No,Yes,No,No,No,Month-to-month,No,Mailed check,82.33,4587.25,0.3107343656178634,0
C100628,Female,0,No,No,22,Yes,No,Fiber optic,Yes,No,No,Yes,No,No,Month-to-month,Yes,Bank transfer (automatic),80.35,1766.65,0.6198515981958128,1
C100629,Male,0,Yes,Yes,14,Yes,Yes,DSL,Yes,No,No,No,No,No,Two year,Yes,Electronic check,65.23,951.14,0.6302980032326976,1
C100630,Female,0,No,Yes,26,Yes,No,Fiber optic,No,No,Yes,Yes,Yes,Yes,Month-to-month,Yes,Credit card (automatic),90.3,2352.39,0.7700639816019125,1
C100631,Male,0,Yes,No,43,Yes,No,Fiber optic,No,No,No,No,No,Yes,One year,Yes,Electronic check,75.14,3238.03,0.5024142187110041,1
C100632,Male,0,Yes,No,19,No,No phone service,DSL,No,No,Yes,No,No,No,Month-to-month,Yes,Mailed check,50.0,957.65,0.6335630715239545,1
C100633,Male,0,No,No,25,Yes,No,No,No internet service,No internet service,No internet service,No internet service,No internet service,No internet service,Month-to-month,Yes,Credit card (automatic),29.16,776.36,0.2912587019280593,0
C100634,Male,0,No,No,23,Yes,Yes,Fiber optic,No,Yes,No,No,Yes,No,Month-to-month,No,Bank transfer (automatic),79.84,1827.5,0.7513581491150323,1
C100635,Female,0,No,No,42,Yes,No,No,No internet service,No internet service,No internet service,No internet service,No internet service,No internet service,Month-to-month,Yes,Credit card (automatic),32.08,1378.8,0.2571831640042818,0
C100636,Male,0,Yes,No,51,No,No phone service,Fiber optic,Yes,No,No,Yes,No,No,Month-to-month,Yes,Electronic check,68.93,3507.38,0.5692142745245807,1
C100637,Male,0,Yes,Yes,48,Yes,Yes,DSL,No,Yes,No,No,No,No,Month-to-month,No,Mailed check,60.7,2899.53,0.46683666163934123,0
C100638,Female,1,No,No,10,Yes,Yes,Fiber optic,No,No,Yes,No,No,No,Two year,Yes,Bank transfer (automatic),79.65,794.86,0.7618505700876453,1
C100639,Female,0,No,No,24,Yes,No,DSL,No,No,No,Yes,No,No,Month-to-month,Yes,Credit card (automatic),62.34,1494.54,0.5746841757108093,1
C100640,Female,0,Yes,No,46,Yes,No,DSL,No,No,No,No,No,No,Month-to-month,No,Bank transfer (automatic),55.44,2561.49,0.41960474838655637,0
C100641,Female,0,No,No,15,Yes,Yes,Fiber optic,Yes,Yes,No,No,No,Yes,Month-to-month,No,Electronic check,84.33,1218.42,0.7943161324428004,1
C100642,Female,0,No,Yes,5,Yes,Yes,DSL,No,No,No,Yes,Yes,No,Month-to-month,Yes,Electronic check,67.09,338.42,0.8804227659889081,1
C100643,Male,0,No,Yes,23,No,No phone service,DSL,No,No,No,No,No,Yes,Month-to-month,No,Credit card (automatic),51.99,1183.87,0.5232245870119712,1
C100644,Female,0,Yes,Yes,48,Yes,No,Fiber optic,Yes,No,No,No,No,Yes,Month-to-month,Yes,Bank transfer (automatic),82.58,3949.12,0.5823204928849463,1
C100645,Male,0,Yes,Yes,47,Yes,Yes,DSL,No,No,No,Yes,Yes,Yes,Month-to-month,Yes,Electronic check,76.63,3575.81,0.7133455324078523,1
C100646,Male,0,Yes,No,9,Yes,No,Fiber optic,No,No,No,Yes,No,Yes,Month-to-month,Yes,Mailed check,80.82,720.04,0.7173873412902907,1
C100647,Female,0,No,Yes,48,Yes,Yes,Fiber optic,No,No,Yes,No,No,Yes,Month-to-month,Yes,Electronic check,81.73,3912.88,0.8290683151000272,1
C100648,Female,0,Yes,No,13,Yes,No,Fiber optic,No,Yes,No,Yes,Yes,Yes,Month-to-month,Yes,Electronic check,92.54,1194.48,0.8872647591053466,1
C100649,Female,0,No,No,53,Yes,Yes,DSL,No,Yes,No,Yes,No,Yes,Month-to-month,Yes,Credit card (automatic),70.87,3723.37,0.5015316403144867,1
C100650,Male,0,No,No,40,Yes,No,Fiber optic,No,No,No,No,No,Yes,Month-to-month,No,Bank transfer (automatic),76.23,3051.13,0.5197760948911541,1
C100651,Female,0,No,No,9,Yes,No,Fiber optic,No,No,No,No,Yes,Yes,Month-to-month,Yes,Electronic check,78.53,690.92,0.9124892618698328,1
C100652,Male,1,Yes,No,25,Yes,No,Fiber optic,No,Yes,No,Yes,Yes,Yes,Month-to-month,No,Credit card (automatic),89.37,2201.51,0.664174390908789,1
C100653,Female,0,Yes,No,58,Yes,No,DSL,Yes,Yes,Yes,No,No,No,Month-to-month,Yes,Credit card (automatic),68.45,3958.88,0.42282914811126,0
C100654,Female,0,No,No,31,Yes,No,DSL,No,No,No,No,No,No,Two year,No,Credit card (automatic),56.46,1734.72,0.2898823945734322,0
C100655,Female,0,No,No,49,Yes,No,Fiber optic,No,Yes,No,No,No,Yes,Month-to-month,Yes,Bank transfer (automatic),80.85,3962.69,0.6566835427102661,1
C100656,Female,0,No,No,53,Yes,No,DSL,No,No,Yes,No,No,No,Month-to-month,Yes,Credit card (automatic),56.21,2968.09,0.5316218202899509,1
C100657,Female,0,Yes,No,2,Yes,No,Fiber optic,No,No,Yes,Yes,Yes,No,Two year,No,Electronic check,81.32,133.65,0.7122843577061263,1
C100658,Male,0,No,No,67,Yes,No,Fiber optic,No,No,Yes,Yes,No,Yes,Month-to-month,Yes,Credit card (automatic),85.98,5742.84,0.41011682582161324,0
C100659,Male,1,Yes,No,24,Yes,Yes,Fiber optic,No,Yes,No,Yes,Yes,No,Month-to-month,No,Mailed check,84.25,1987.5,0.6983748673543705,1
C100660,Male,0,Yes,No,57,Yes,Yes,No,No internet service,No internet service,No internet service,No internet service,No internet service,No internet service,Two year,No,Electronic check,35.36,2038.32,0.1226739597629234,0
C100661,Female,0,Yes,No,33,Yes,Yes,Fiber optic,Yes,Yes,No,Yes,No,Yes,Month-to-month,No,Electronic check,91.3,3038.75,0.6361968300549504,1
C100662,Male,1,No,No,41,No,No phone service,No,No internet service,No internet service,No internet service,No internet service,No internet service,No internet service,One year,Yes,Electronic check,25.59,1077.38,0.18097569398699512,0
C100663,Male,0,Yes,No,25,Yes,Yes,Fiber optic,Yes,Yes,Yes,No,No,No,Month-to-month,No,Credit card (automatic),83.6,2078.08,0.6090457242297833,1
C100664,Female,0,Yes,No,61,Yes,Yes,DSL,No,Yes,No,Yes,Yes,No,Month-to-month,Yes,Credit card (automatic),75.16,4610.54,0.5102560964171688,1
C100665,Female,0,No,No,8,Yes,No,Fiber optic,No,No,No,No,No,No,Month-to-month,No,Electronic check,68.16,553.41,0.819154596613625,1
C100666,Female,0,No,No,64,Yes,Yes,Fiber optic,No,No,No,No,No,Yes,One year,Yes,Credit card (automatic),78.58,5012.65,0.3110041268686179,0
C100667,Female,0,Yes,No,14,Yes,No,No,No internet service,No internet service,No internet service,No internet service,No internet service,No internet service,Month-to-month,Yes,Credit card (automatic),30.46,413.87,0.3573227873613261,0
C100668,Female,0,Yes,Yes,63,Yes,No,DSL,No,Yes,No,No,No,Yes,One year,No,Electronic check,67.15,4227.06,0.25831867892176424,0
C100669,Male,1,No,No,1,Yes,Yes,DSL,No,No,No,No,No,No,Two year,Yes,Bank transfer (automatic),60.55,62.6,0.658881143082709,1
C100670,Female,0,Yes,No,0,Yes,No,Fiber optic,Yes,No,No,No,Yes,No,Two year,No,Electronic check,82.82,0.0,0.6903650693437142,1
C100671,Female,0,Yes,No,6,Yes,Yes,DSL,No,Yes,No,No,No,No,Month-to-month,Yes,Electronic check,64.59,387.53,0.8788250140430095,1
C100672,Female,0,No,No,39,Yes,No,Fiber optic,No,Yes,No,No,No,No,Month-to-month,No,Bank transfer (automatic),72.46,2818.96,0.5901247511448694,1
C100673,Male,0,Yes,No,19,Yes,No,Fiber optic,Yes,No,No,No,No,No,One year,Yes,Credit card (automatic),76.62,1482.86,0.3928855850127954,0
C100674,Female,0,No,No,43,No,No phone service,DSL,Yes,No,No,Yes,Yes,Yes,Two year,Yes,Electronic check,67.15,2885.08,0.3840616432145114,0
C100675,Female,0,Yes,Yes,59,Yes,Yes,DSL,No,No,No,Yes,No,No,Two year,Yes,Electronic check,66.47,3918.05,0.4318512682628122,0
C100676,Female,0,Yes,Yes,1,Yes,No,Fiber optic,No,Yes,No,No,No,Yes,One year,Yes,Bank transfer (automatic),80.29,75.94,0.6987662405279979,1
C100677,Male,0,Yes,No,37,Yes,No,DSL,No,No,Yes,No,Yes,No,One year,No,Bank transfer (automatic),66.55,2460.11,0.24663505398257243,0
C100678,Female,0,Yes,No,53,Yes,Yes,Fiber optic,No,Yes,Yes,Yes,Yes,No,Month-to-month,No,Credit card (automatic),93.73,4940.37,0.5283120951595347,1
C100679,Female,0,Yes,No,30,Yes,No,Fiber optic,No,Yes,Yes,Yes,Yes,Yes,Month-to-month,No,Mailed check,97.9,2916.97,0.5937502831492549,1
C100680,Female,0,Yes,Yes,66,Yes,No,Fiber optic,Yes,No,Yes,No,No,Yes,One year,No,Credit card (automatic),82.98,5525.66,0.1402277682345571,0
C100681,Male,0,No,No,47,Yes,No,Fiber optic,No,No,No,Yes,Yes,No,One year,No,Bank transfer (automatic),78.07,3636.29,0.2165589761849813,0
C100682,Female,0,No,No,2,Yes,Yes,DSL,Yes,Yes,Yes,No,No,No,One year,Yes,Electronic check,73.47,152.38,0.6496501292895033,1
C100683,Female,0,Yes,No,38,Yes,Yes,Fiber optic,No,Yes,No,Yes,Yes,Yes,Month-to-month,Yes,Bank transfer (automatic),98.36,3744.62,0.7362112264999626,1
C100684,Male,0,No,No,27,Yes,No,DSL,Yes,No,No,Yes,Yes,Yes,Month-to-month,No,Electronic check,77.71,2118.43,0.5081365571761202,1
C100685,Female,0,No,No,9,Yes,Yes,DSL,No,Yes,No,No,Yes,No,Two year,No,Bank transfer (automatic),70.03,637.59,0.556155947988547,1
C100686,Male,0,No,No,68,Yes,Yes,No,No internet service,No internet service,No internet service,No internet service,No internet service,No internet service,Month-to-month,Yes,Electronic check,28.93,2004.83,0.33091762762875554,0
C100687,Female,0,Yes,No,16,Yes,Yes,DSL,No,Yes,No,Yes,No,No,Two year,Yes,Electronic check,66.45,1067.93,0.6561706587602195,1
C100688,Male,0,Yes,Yes,6,Yes,Yes,DSL,No,Yes,Yes,Yes,No,No,One year,Yes,Credit card (automatic),72.2,460.19,0.5078192804183599,1
C100689,Female,0,Yes,Yes,16,No,No phone service,No,No internet service,No internet service,No internet service,No internet service,No internet service,No internet service,Month-to-month,No,Credit card (automatic),15.66,271.39,0.2575020710094546,0
C100690,Female,0,Yes,No,59,Yes,Yes,DSL,No,Yes,Yes,No,No,No,Month-to-month,Yes,Mailed check,62.18,3699.24,0.5537916795609671,1
C100691,Female,0,Yes,No,43,Yes,No,DSL,No,No,No,No,No,No,Month-to-month,No,Credit card (automatic),55.39,2382.48,0.4233861880959077,0
C100692,Female,0,No,No,59,Yes,Yes,Fiber optic,No,Yes,Yes,No,No,No,Two year,No,Credit card (automatic),79.49,4697.62,0.32905770930266587,0
C100693,Female,0,No,No,33,Yes,No,Fiber optic,Yes,No,No,No,No,Yes,Month-to-month,No,Electronic check,80.13,2637.02,0.6325846296603828,1
C100694,Male,0,Yes,No,8,Yes,No,No,No internet service,No internet service,No internet service,No internet service,No internet service,No internet service,Two year,Yes,Bank transfer (automatic),28.98,235.07,0.20222642545535827,0
C100695,Male,1,Yes,No,27,Yes,No,Fiber optic,Yes,No,Yes,Yes,Yes,Yes,One year,No,Electronic check,93.79,2536.66,0.4121888683615293,0
C100696,Female,0,Yes,No,14,Yes,No,No,No internet service,No internet service,No internet service,No internet service,No internet service,No internet service,Month-to-month,No,Credit card (automatic),29.46,370.84,0.2409309403042628,0
C100697,Female,1,No,No,40,Yes,No,DSL,Yes,Yes,No,No,No,Yes,Month-to-month,Yes,Electronic check,69.97,2795.77,0.697245070479702,1
C100698,Male,0,No,No,19,Yes,Yes,Fiber optic,Yes,No,Yes,No,Yes,No,Month-to-month,Yes,Credit card (automatic),86.54,1662.12,0.7819195120528335,1
C100699,Male,1,Yes,No,69,Yes,No,DSL,Yes,Yes,No,Yes,No,No,Month-to-month,Yes,Electronic check,68.75,4716.49,0.4445715433979465,0
C100700,Female,1,No,No,27,Yes,No,No,No internet service,No internet service,No internet service,No internet service,No internet service,No internet service,Month-to-month,Yes,Mailed check,29.49,776.5,0.33416282655698415,0
C100701,Female,0,No,No,22,Yes,Yes,No,No internet service,No internet service,No internet service,No internet service,No internet service,No internet service,Month-to-month,Yes,Credit card (automatic),35.05,794.2,0.3742477937517038,0
C100702,Male,0,No,Yes,70,Yes,No,DSL,No,No,Yes,Yes,No,Yes,Two year,Yes,Electronic check,70.76,4980.33,0.3038854931212679,0
C100703,Male,1,No,No,37,Yes,Yes,Fiber optic,No,No,No,No,No,No,One year,No,Credit card (automatic),68.18,2510.4,0.3623709204541485,0
C100704,Male,1,No,No,12,Yes,No,Fiber optic,No,No,Yes,Yes,No,Yes,Two year,Yes,Electronic check,83.02,999.66,0.740399482949523,1
C100705,Female,1,Yes,No,34,Yes,No,DSL,Yes,No,Yes,Yes,No,No,One year,Yes,Bank transfer (automatic),72.33,2457.64,0.2434882375232645,0
C100706,Male,0,Yes,Yes,18,No,No phone service,Fiber optic,No,No,Yes,No,Yes,No,One year,No,Bank transfer (automatic),68.29,1252.69,0.47826729542539254,0
C100707,Female,0,No,No,51,Yes,No,No,No internet service,No internet service,No internet service,No internet service,No internet service,No internet service,Two year,No,Electronic check,29.78,1508.05,0.12526116462095913,0
C100708,Male,1,Yes,No,41,Yes,No,DSL,Yes,No,No,No,No,No,Month-to-month,No,Bank transfer (automatic),64.81,2649.73,0.3656058433990179,0
C100709,Male,0,No,No,52,Yes,No,DSL,No,No,No,No,Yes,No,One year,No,Bank transfer (automatic),62.58,3280.95,0.18103756297427379,0
C100710,Female,0,Yes,No,67,Yes,No,No,No internet service,No internet service,No internet service,No internet service,No internet service,No internet service,Two year,No,Bank transfer (automatic),24.63,1630.09,0.06353531035762269,0
C100711,Female,0,Yes,Yes,52,Yes,No,Fiber optic,No,Yes,No,Yes,Yes,No,Two year,Yes,Bank transfer (automatic),89.61,4649.88,0.45515254754287976,0
C100712,Female,0,Yes,No,24,Yes,No,Fiber optic,Yes,Yes,No,No,Yes,Yes,Month-to-month,Yes,Mailed check,91.37,2195.64,0.7290140066270893,1
C100713,Female,0,No,No,14,Yes,No,Fiber optic,Yes,Yes,No,No,No,No,Two year,Yes,Electronic check,79.92,1149.4,0.7054703486072751,1
C100714,Female,0,Yes,Yes,38,Yes,No,Fiber optic,No,Yes,Yes,No,No,No,Month-to-month,No,Electronic check,78.76,2969.03,0.7639099562086666,1
C100715,Female,0,Yes,No,32,Yes,Yes,DSL,No,No,No,No,Yes,Yes,Month-to-month,Yes,Credit card (automatic),72.28,2298.86,0.7156232961817628,1
C100716,Female,0,Yes,No,22,Yes,No,DSL,No,No,No,No,Yes,No,Month-to-month,Yes,Mailed check,60.8,1349.47,0.6970118261224192,1
C100717,Male,1,No,Yes,58,Yes,No,Fiber optic,Yes,Yes,Yes,Yes,No,No,Month-to-month,Yes,Electronic check,85.3,4962.11,0.649753379761644,1
C100718,Male,0,No,No,65,Yes,No,Fiber optic,Yes,No,Yes,No,Yes,No,Month-to-month,No,Electronic check,85.81,5581.8,0.4829786823148456,0
C100719,Female,0,Yes,No,27,Yes,No,Fiber optic,No,No,No,No,Yes,Yes,Month-to-month,Yes,Credit card (automatic),78.55,2118.39,0.7865533312044127,1
C100720,Male,0,No,No,49,Yes,No,Fiber optic,No,No,Yes,No,No,Yes,Month-to-month,No,Bank transfer (automatic),84.54,4145.13,0.46941361625354106,0
C100721,Female,1,Yes,No,70,Yes,No,DSL,Yes,No,Yes,Yes,No,No,Two year,No,Electronic check,69.09,4806.48,0.1716400676129827,0
C100722,Female,0,No,Yes,0,Yes,No,Fiber optic,Yes,No,No,Yes,No,No,Two year,Yes,Credit card (automatic),80.87,0.0,0.5808655665268458,1
C100723,Male,0,Yes,No,26,Yes,Yes,Fiber optic,No,No,Yes,No,No,Yes,Two year,No,Credit card (automatic),81.31,2143.7,0.46264717360571816,0
C100724,Female,0,No,No,53,No,No phone service,No,No internet service,No internet service,No internet service,No internet service,No internet service,No internet service,Month-to-month,Yes,Credit card (automatic),20.85,1078.54,0.23181564577482275,0
C100725,Male,0,No,Yes,35,No,No phone service,DSL,No,Yes,No,Yes,No,Yes,Two year,Yes,Bank transfer (automatic),62.14,2159.08,0.36324193588262776,0
C100726,Female,0,No,No,57,Yes,No,DSL,Yes,Yes,No,No,No,Yes,Month-to-month,Yes,Mailed check,68.3,3885.35,0.3848976893186937,0
C100727,Male,1,Yes,Yes,34,Yes,No,Fiber optic,No,No,No,Yes,Yes,No,Month-to-month,No,Electronic check,83.13,2819.83,0.7505328549714024,1
C100728,Male,0,No,No,4,Yes,Yes,No,No internet service,No internet service,No internet service,No internet service,No internet service,No internet service,Month-to-month,Yes,Mailed check,33.17,169.5,0.39284405793385524,0
C100729,Female,0,No,No,31,Yes,No,No,No internet service,No internet service,No internet service,No internet service,No internet service,No internet service,Month-to-month,No,Bank transfer (automatic),29.76,903.93,0.20050838365065193,0
C100730,Female,1,Yes,No,29,Yes,No,Fiber optic,No,Yes,No,No,Yes,No,One year,No,Electronic check,78.12,2242.88,0.6200420245498073,1
C100731,Male,0,No,No,60,Yes,No,Fiber optic,No,Yes,No,Yes,No,No,Month-to-month,Yes,Mailed check,85.79,5162.58,0.43507908895697966,0
C100732,Female,1,No,Yes,10,Yes,No,DSL,Yes,Yes,No,No,Yes,No,Two year,Yes,Bank transfer (automatic),72.96,716.63,0.6339274905974485,1
C100733,Female,0,Yes,No,11,No,No phone service,Fiber optic,No,No,No,No,No,No,Month-to-month,Yes,Bank transfer (automatic),61.82,695.78,0.8006662716361694,1
C100734,Male,0,No,No,10,Yes,No,Fiber optic,Yes,No,No,No,Yes,No,Month-to-month,Yes,Electronic check,83.82,834.22,0.8594793738650321,1
C100735,Female,1,Yes,No,40,Yes,Yes,Fiber optic,No,No,No,No,Yes,No,Month-to-month,No,Credit card (automatic),79.75,3199.17,0.6989282554739888,1
C100736,Female,0,No,No,71,Yes,Yes,DSL,No,No,No,No,No,Yes,Month-to-month,Yes,Mailed check,63.13,4450.64,0.4365484527880981,0
C100737,Male,0,Yes,Yes,44,Yes,No,No,No internet service,No internet service,No internet service,No internet service,No internet service,No internet service,Two year,No,Bank transfer (automatic),23.39,1038.38,0.0915735397012351,0
C100738,Female,1,Yes,Yes,58,Yes,Yes,DSL,No,No,No,Yes,Yes,Yes,Month-to-month,No,Credit card (automatic),72.95,4235.6,0.4569717062974856,0
C100739,Female,0,No,Yes,61,Yes,Yes,Fiber optic,No,No,Yes,No,No,No,Month-to-month,Yes,Electronic check,82.41,5022.06,0.7739084430962266,1
C100740,Female,0,No,Yes,43,No,No phone service,Fiber optic,No,No,Yes,No,No,No,One year,Yes,Credit card (automatic),66.9,2852.07,0.4294632427553119,0
C100741,Female,0,No,Yes,43,Yes,No,Fiber optic,Yes,Yes,No,No,No,Yes,Month-to-month,No,Credit card (automatic),85.51,3681.09,0.4861645138756393,0
C100742,Female,0,No,No,17,Yes,No,Fiber optic,Yes,Yes,No,No,No,No,Month-to-month,No,Credit card (automatic),75.06,1290.44,0.6104572014984866,1
C100743,Male,0,Yes,No,69,Yes,Yes,Fiber optic,Yes,No,No,No,Yes,No,Month-to-month,Yes,Mailed check,85.59,5894.88,0.4610031359306568,0
C100744,Female,0,Yes,No,56,Yes,Yes,DSL,No,No,No,Yes,No,Yes,Month-to-month,No,Electronic check,69.3,3870.84,0.46689095250330903,0
C100745,Male,0,Yes,No,62,Yes,No,DSL,Yes,No,Yes,Yes,No,No,One year,No,Electronic check,71.74,4464.06,0.10906235515256929,0
C100746,Female,0,No,No,70,Yes,No,Fiber optic,No,No,No,Yes,Yes,Yes,Two year,No,Credit card (automatic),85.22,5999.62,0.1811354336284758,0
C100747,Male,0,No,No,25,Yes,Yes,Fiber optic,No,No,No,No,No,No,Month-to-month,No,Electronic check,71.78,1813.17,0.7748130636553078,1
C100748,Male,1,No,No,10,Yes,No,Fiber optic,No,Yes,No,No,No,No,One year,No,Electronic check,76.21,766.72,0.6310635350346501,1
C100749,Male,0,No,No,61,Yes,Yes,DSL,No,No,No,Yes,No,No,One year,No,Credit card (automatic),68.82,4193.13,0.10376691492019653,0
C100750,Female,1,Yes,No,34,Yes,No,DSL,No,No,No,No,Yes,No,Month-to-month,Yes,Mailed check,59.35,2017.48,0.6914368920934508,1
C100751,Male,0,Yes,No,69,Yes,Yes,Fiber optic,No,No,No,Yes,Yes,No,Month-to-month,No,Electronic check,82.5,5666.06,0.5255105475338527,1
C100752,Male,1,No,No,50,Yes,No,Fiber optic,No,Yes,No,No,Yes,Yes,Month-to-month,Yes,Credit card (automatic),88.56,4424.77,0.7095395294027483,1
C100753,Female,0,No,No,18,Yes,Yes,Fiber optic,No,Yes,Yes,No,Yes,Yes,Month-to-month,No,Electronic check,89.85,1639.7,0.8780704740309139,1
C100754,Female,0,Yes,No,25,Yes,No,Fiber optic,Yes,No,No,No,No,No,Month-to-month,Yes,Bank transfer (automatic),72.03,1801.54,0.6821360068127382,1
C100755,Male,1,Yes,No,43,Yes,Yes,DSL,Yes,Yes,Yes,Yes,No,No,Month-to-month,No,Electronic check,77.66,3327.08,0.5095694586935751,1
C100756,Female,0,Yes,No,28,Yes,No,DSL,No,Yes,Yes,No,No,No,Month-to-month,No,Mailed check,68.21,1895.64,0.5115599849761645,1
C100757,Male,0,Yes,Yes,20,Yes,No,DSL,No,No,No,No,No,No,One year,No,Electronic check,52.88,1056.93,0.41930747137988444,0
C100758,Male,0,No,Yes,15,No,No phone service,Fiber optic,No,No,No,No,Yes,No,Month-to-month,Yes,Credit card (automatic),65.08,951.44,0.8289994828016861,1
C100759,Female,0,Yes,No,46,No,No phone service,DSL,No,Yes,No,No,No,No,Two year,No,Mailed check,49.28,2248.63,0.23654382103957186,0
C100760,Male,0,No,Yes,2,Yes,No,DSL,No,No,No,Yes,No,No,Month-to-month,Yes,Electronic check,59.82,150.29,0.8070993255477501,1
C100761,Female,0,No,No,6,Yes,Yes,No,No internet service,No internet service,No internet service,No internet service,No internet service,No internet service,Month-to-month,Yes,Credit card (automatic),28.58,150.78,0.44244797679421194,0
C100762,Female,0,No,Yes,3,Yes,Yes,DSL,No,Yes,No,Yes,No,Yes,One year,Yes,Credit card (automatic),76.0,211.98,0.5356766221994561,1
C100763,Female,0,Yes,No,52,Yes,No,Fiber optic,No,No,No,Yes,No,No,Month-to-month,No,Bank transfer (automatic),76.47,3982.05,0.4008268612355829,0
C100764,Male,0,Yes,Yes,2,Yes,Yes,DSL,No,No,No,No,No,No,Two year,No,Credit card (automatic),58.92,109.0,0.49618551623896606,0
C100765,Female,0,Yes,No,30,Yes,No,DSL,No,No,No,Yes,Yes,No,Month-to-month,Yes,Electronic check,66.65,2001.14,0.7424985078636248,1
C100766,Female,0,Yes,No,8,Yes,No,DSL,Yes,Yes,No,No,No,No,Month-to-month,No,Bank transfer (automatic),67.78,559.52,0.5484620497402811,1
C100767,Male,0,Yes,Yes,42,Yes,No,Fiber optic,Yes,No,No,No,Yes,No,One year,Yes,Credit card (automatic),79.74,3318.08,0.3664898572828856,0
C100768,Male,0,No,Yes,2,Yes,No,Fiber optic,No,No,No,No,Yes,No,One year,Yes,Bank transfer (automatic),73.31,161.7,0.6935876804825123,1
C100769,Male,0,Yes,No,1,Yes,No,Fiber optic,No,No,No,No,No,Yes,Two year,No,Electronic check,80.16,68.51,0.6827494001787173,1
C100770,Female,0,Yes,No,29,Yes,No,No,No internet service,No internet service,No internet service,No internet service,No internet service,No internet service,Two year,No,Credit card (automatic),24.5,704.88,0.10196094041840124,0
C100771,Female,0,Yes,No,50,Yes,No,DSL,No,No,Yes,No,Yes,Yes,Month-to-month,No,Electronic check,70.62,3569.22,0.6015855982299643,1
C100772,Male,0,No,No,7,Yes,No,Fiber optic,No,Yes,No,No,Yes,No,One year,Yes,Electronic check,79.81,530.63,0.7763447719413223,1
C100773,Female,0,No,No,35,Yes,Yes,DSL,Yes,Yes,No,No,No,No,One year,Yes,Bank transfer (automatic),66.71,2346.79,0.319099413673641,0
C100774,Female,0,No,Yes,58,Yes,No,Fiber optic,No,No,Yes,No,Yes,No,One year,Yes,Electronic check,76.12,4437.63,0.56419679473833,1
C100775,Female,0,No,No,45,Yes,No,Fiber optic,No,No,No,Yes,Yes,No,Month-to-month,No,Electronic check,79.04,3543.01,0.64288527804419,1
C100776,Male,0,No,No,54,Yes,No,DSL,No,Yes,Yes,No,Yes,Yes,Two year,Yes,Mailed check,77.39,4165.97,0.33472959054578244,0
C100777,Male,0,No,Yes,22,Yes,No,No,No internet service,No internet service,No internet service,No internet service,No internet service,No internet service,One year,Yes,Mailed check,33.46,728.82,0.12466176159163025,0
C100778,Male,0,Yes,No,67,Yes,No,Fiber optic,Yes,Yes,No,No,Yes,No,Month-to-month,Yes,Mailed check,83.96,5611.31,0.45492603721043445,0
C100779,Female,0,No,No,10,Yes,No,DSL,No,Yes,No,No,No,No,Month-to-month,Yes,Bank transfer (automatic),56.67,568.06,0.7495431608104982,1
C100780,Female,0,No,Yes,43,Yes,No,DSL,No,Yes,Yes,Yes,No,No,One year,Yes,Bank transfer (automatic),64.54,2792.99,0.30104728858499274,0
C100781,Female,0,Yes,Yes,31,Yes,Yes,Fiber optic,No,Yes,No,Yes,No,No,Two year,No,Bank transfer (automatic),85.35,2638.63,0.44329232467861823,0
C100782,Male,0,No,Yes,2,Yes,No,Fiber optic,No,No,No,Yes,No,No,Month-to-month,Yes,Electronic check,78.5,175.57,0.8759255170802651,1
C100783,Male,0,No,Yes,67,Yes,Yes,DSL,No,Yes,No,No,No,No,Two year,Yes,Electronic check,54.97,3711.21,0.49898226020706565,0
C100784,Male,0,No,Yes,50,No,No phone service,Fiber optic,Yes,No,No,Yes,No,No,Month-to-month,No,Credit card (automatic),64.94,3255.63,0.33231527991006593,0
C100785,Female,0,Yes,No,16,Yes,No,DSL,Yes,Yes,Yes,No,No,No,Month-to-month,Yes,Mailed check,68.34,1103.98,0.6260954766132204,1
C100786,Male,1,No,Yes,3,Yes,No,No,No internet service,No internet service,No internet service,No internet service,No internet service,No internet service,One year,Yes,Electronic check,30.67,80.12,0.3322953319279984,0
C100787,Female,0,No,No,48,Yes,No,DSL,No,Yes,Yes,No,No,No,Month-to-month,No,Credit card (automatic),61.81,2914.26,0.44000717057420763,0
C100788,Female,0,Yes,No,39,Yes,No,Fiber optic,Yes,No,No,Yes,No,No,Month-to-month,Yes,Mailed check,80.92,3167.5,0.4815519470850434,0
C100789,Male,0,Yes,No,3,Yes,No,Fiber optic,No,Yes,No,No,No,No,One year,No,Mailed check,73.38,236.08,0.44433060603499214,0
C100790,Male,0,Yes,No,70,No,No phone service,Fiber optic,Yes,Yes,No,Yes,No,No,Month-to-month,Yes,Electronic check,75.07,5259.47,0.47899217578941106,0
C100791,Male,0,Yes,Yes,51,Yes,No,No,No internet service,No internet service,No internet service,No internet service,No internet service,No internet service,Month-to-month,No,Bank transfer (automatic),27.75,1433.33,0.16459243687799066,0
C100792,Female,0,No,Yes,33,Yes,No,No,No internet service,No internet service,No internet service,No internet service,No internet service,No internet service,Month-to-month,Yes,Electronic check,29.97,978.02,0.47097914582563793,0
C100793,Female,1,No,Yes,17,No,No phone service,DSL,Yes,No,Yes,Yes,No,Yes,Month-to-month,Yes,Bank transfer (automatic),64.31,1103.71,0.630135971086278,1
C100794,Male,1,Yes,No,19,Yes,Yes,DSL,No,Yes,No,Yes,Yes,Yes,Month-to-month,Yes,Credit card (automatic),78.11,1513.45,0.7569902439341689,1
C100795,Male,0,Yes,No,32,Yes,Yes,Fiber optic,Yes,Yes,No,No,No,No,Month-to-month,Yes,Bank transfer (automatic),77.33,2487.96,0.6969465714883781,1
C100796,Female,0,No,No,4,Yes,No,DSL,No,No,No,No,No,No,Two year,Yes,Electronic check,54.56,245.1,0.6964425440696713,1
C100797,Male,0,Yes,No,26,Yes,Yes,Fiber optic,Yes,No,Yes,Yes,No,No,One year,Yes,Electronic check,90.01,2367.18,0.4928988383747846,0
C100798,Male,0,No,No,15,No,No phone service,DSL,Yes,No,No,Yes,No,No,One year,Yes,Credit card (automatic),55.19,803.36,0.23352211912444948,0
C100799,Male,0,Yes,Yes,8,Yes,No,No,No internet service,No internet service,No internet service,No internet service,No internet service,No internet service,Month-to-month,Yes,Credit card (automatic),29.12,247.31,0.39073019124391767,0
C100800,Male,1,Yes,No,9,Yes,No,Fiber optic,Yes,Yes,No,No,No,No,Month-to-month,Yes,Electronic check,82.14,726.61,0.8725187771306713,1
C100801,Male,0,No,Yes,24,Yes,No,Fiber optic,Yes,Yes,Yes,No,No,Yes,Two year,Yes,Mailed check,91.56,2175.35,0.5048410654872776,1
C100802,Female,0,Yes,No,27,Yes,No,Fiber optic,No,No,No,Yes,Yes,No,One year,Yes,Bank transfer (automatic),86.34,2325.37,0.45983352855015397,0
C100803,Female,1,No,No,25,Yes,No,No,No internet service,No internet service,No internet service,No internet service,No internet service,No internet service,Two year,No,Credit card (automatic),35.64,926.15,0.12216109601325002,0
C100804,Female,0,Yes,Yes,49,Yes,No,Fiber optic,No,No,No,No,No,No,Month-to-month,No,Credit card (automatic),70.15,3426.41,0.5354312437077043,1
C100805,Female,0,No,No,37,Yes,Yes,Fiber optic,No,Yes,Yes,No,Yes,No,One year,Yes,Bank transfer (automatic),84.11,3076.8,0.587540347348433,1
C100806,Female,1,No,No,13,Yes,No,Fiber optic,Yes,No,Yes,No,Yes,No,Month-to-month,No,Electronic check,83.7,1059.17,0.8298795908514341,1
C100807,Male,0,No,Yes,70,Yes,Yes,DSL,Yes,No,No,No,Yes,No,Month-to-month,No,Credit card (automatic),70.43,4939.84,0.3010696816138374,0
C100808,Male,0,Yes,No,52,Yes,Yes,DSL,Yes,No,Yes,No,No,Yes,Two year,No,Credit card (automatic),76.6,3968.04,0.16346389247940746,0
C100809,Female,0,No,No,33,No,No phone service,DSL,No,No,Yes,No,No,Yes,Month-to-month,Yes,Mailed check,52.38,1687.61,0.5979058935196603,1
C100810,Male,1,No,Yes,3,Yes,No,Fiber optic,Yes,No,No,No,Yes,Yes,Month-to-month,Yes,Mailed check,87.64,234.81,0.840491256463597,1
C100811,Female,0,Yes,Yes,65,Yes,No,Fiber optic,Yes,No,No,No,No,No,Month-to-month,No,Electronic check,73.02,4749.5,0.4998506267866808,0
C100812,Female,0,Yes,Yes,53,Yes,Yes,DSL,No,Yes,No,No,No,No,One year,Yes,Electronic check,61.63,3282.16,0.4996052104982142,0
C100813,Male,0,No,Yes,33,Yes,No,No,No internet service,No internet service,No internet service,No internet service,No internet service,No internet service,Two year,No,Credit card (automatic),29.6,967.75,0.09743340702137962,0
C100814,Female,0,Yes,No,11,Yes,Yes,DSL,No,No,No,Yes,No,No,Month-to-month,No,Electronic check,64.95,727.46,0.7032579979569166,1
C100815,Female,1,No,No,7,Yes,Yes,Fiber optic,No,No,No,No,No,No,Two year,Yes,Credit card (automatic),78.08,564.86,0.7508876117437698,1
C100816,Male,0,No,No,20,Yes,No,Fiber optic,Yes,No,No,Yes,No,Yes,Month-to-month,Yes,Electronic check,88.19,1748.08,0.7283628259432329,1
C100817,Male,1,Yes,No,16,Yes,No,Fiber optic,No,No,Yes,Yes,No,Yes,Two year,Yes,Electronic check,84.93,1356.38,0.7220217293043296,1
C100818,Female,0,No,No,15,Yes,No,DSL,Yes,Yes,Yes,No,Yes,Yes,One year,No,Bank transfer (automatic),78.51,1165.68,0.3176186501773236,0
C100819,Female,0,No,No,29,Yes,Yes,Fiber optic,No,No,No,No,Yes,No,Two year,No,Electronic check,78.52,2287.94,0.6664155313820777,1
C100820,Male,1,Yes,No,3,No,No phone service,Fiber optic,No,No,No,Yes,No,Yes,One year,No,Bank transfer (automatic),69.82,197.22,0.4153256806810747,0
C100821,Female,0,No,Yes,23,Yes,Yes,DSL,Yes,No,No,Yes,No,Yes,Month-to-month,Yes,Electronic check,75.35,1708.77,0.7198031323310077,1
C100822,Male,0,Yes,No,62,Yes,No,Fiber optic,No,No,No,No,No,Yes,Month-to-month,No,Bank transfer (automatic),69.97,4339.31,0.4107668460528511,0
C100823,Female,1,Yes,No,62,Yes,No,Fiber optic,No,Yes,No,No,No,No,Two year,Yes,Credit card (automatic),73.47,4577.47,0.43842612383753415,0
C100824,Female,0,No,No,0,Yes,No,DSL,No,No,No,No,Yes,No,Two year,Yes,Mailed check,60.67,0.0,0.6159879054544946,1
C100825,Male,0,Yes,No,48,Yes,No,Fiber optic,Yes,No,No,No,No,Yes,One year,Yes,Electronic check,78.1,3768.86,0.3782471096648436,0
C100826,Female,1,No,Yes,71,Yes,No,Fiber optic,No,No,Yes,No,No,No,One year,Yes,Credit card (automatic),73.04,5204.55,0.3330860583601837,0
C100827,Female,0,Yes,No,41,Yes,Yes,Fiber optic,Yes,Yes,No,Yes,No,No,Month-to-month,Yes,Electronic check,90.8,3723.63,0.7119336093483066,1
C100828,Female,0,No,Yes,28,Yes,Yes,Fiber optic,No,No,Yes,No,No,Yes,Month-to-month,Yes,Electronic check,85.98,2395.49,0.8857877920044904,1
C100829,Male,0,Yes,No,35,Yes,No,DSL,Yes,Yes,No,Yes,Yes,No,Month-to-month,Yes,Credit card (automatic),74.67,2595.96,0.4876101759171315,0
C100830,Male,0,No,No,15,Yes,Yes,Fiber optic,Yes,No,Yes,No,Yes,No,One year,Yes,Electronic check,89.31,1307.9,0.69849755236657,1
C100831,Male,0,No,No,28,Yes,No,DSL,No,Yes,No,No,Yes,No,One year,Yes,Bank transfer (automatic),61.25,1738.9,0.43010478233911237,0
C100832,Male,0,No,No,67,Yes,No,No,No internet service,No internet service,No internet service,No internet service,No internet service,No internet service,One year,No,Electronic check,29.26,1953.78,0.06639894163224051,0
C100833,Male,0,No,Yes,44,Yes,No,Fiber optic,No,No,No,Yes,No,Yes,One year,Yes,Bank transfer (automatic),82.58,3599.29,0.3142200401076627,0
C100834,Female,0,No,No,31,Yes,No,DSL,No,Yes,No,No,No,No,Month-to-month,Yes,Bank transfer (automatic),62.82,1972.02,0.6526471577673827,1
C100835,Female,0,No,No,8,Yes,No,Fiber optic,No,Yes,No,Yes,Yes,No,Month-to-month,Yes,Bank transfer (automatic),88.98,713.74,0.8318983190388879,1
C100836,Female,0,No,No,65,Yes,Yes,DSL,No,Yes,Yes,No,No,Yes,Month-to-month,No,Bank transfer (automatic),72.52,4733.31,0.39330032626272754,0
C100837,Male,0,No,Yes,11,Yes,No,Fiber optic,No,No,No,Yes,No,No,Month-to-month,Yes,Electronic check,73.72,805.7,0.8523921296344885,1
C100838,Male,0,No,Yes,51,Yes,No,No,No internet service,No internet service,No internet service,No internet service,No internet service,No internet service,One year,Yes,Electronic check,33.4,1687.35,0.15472795688355656,0
C100839,Female,0,No,No,21,Yes,Yes,Fiber optic,Yes,No,No,No,No,Yes,One year,No,Credit card (automatic),83.15,1755.05,0.3285028189654153,0
C100840,Male,0,Yes,No,20,Yes,Yes,Fiber optic,Yes,No,No,No,No,No,Two year,Yes,Credit card (automatic),79.12,1593.0,0.5275895845027835,1
C100841,Female,1,No,No,12,Yes,Yes,Fiber optic,No,No,No,Yes,No,No,Month-to-month,Yes,Credit card (automatic),78.69,938.73,0.8178841596690001,1
C100842,Female,0,No,No,27,Yes,Yes,Fiber optic,Yes,No,No,No,Yes,No,Two year,No,Bank transfer (automatic),88.98,2428.75,0.4387275781648154,0
C100843,Male,0,Yes,No,48,Yes,Yes,DSL,No,Yes,Yes,Yes,No,Yes,One year,Yes,Mailed check,76.47,3689.7,0.22846436196925393,0
C100844,Male,1,Yes,No,29,Yes,Yes,No,No internet service,No internet service,No internet service,No internet service,No internet service,No internet service,Month-to-month,Yes,Bank transfer (automatic),35.29,1034.72,0.3844185988384107,0
C100845,Male,0,No,Yes,1,No,No phone service,DSL,No,Yes,No,No,No,No,One year,Yes,Bank transfer (automatic),48.78,26.58,0.5265936498096462,1
C100846,Male,0,Yes,No,19,Yes,No,DSL,Yes,No,Yes,No,Yes,Yes,Two year,No,Electronic check,77.42,1446.02,0.4530314829761905,0
C100847,Male,0,Yes,No,11,Yes,No,DSL,No,No,No,Yes,Yes,No,Month-to-month,Yes,Mailed check,71.05,805.53,0.6517284616905462,1
C100848,Female,0,Yes,Yes,28,Yes,No,No,No internet service,No internet service,No internet service,No internet service,No internet service,No internet service,One year,Yes,Electronic check,24.99,655.91,0.2405640996198181,0
C100849,Female,0,Yes,Yes,64,Yes,No,No,No internet service,No internet service,No internet service,No internet service,No internet service,No internet service,Month-to-month,Yes,Mailed check,29.84,1907.72,0.21143378793587442,0
C100850,Female,0,No,No,69,Yes,No,DSL,No,Yes,No,Yes,No,No,Month-to-month,Yes,Bank transfer (automatic),62.76,4333.71,0.3836847564712886,0
C100851,Female,0,No,Yes,71,Yes,No,DSL,No,No,No,Yes,No,Yes,Month-to-month,Yes,Mailed check,68.11,4826.32,0.33362518479812175,0
C100852,Female,0,No,No,8,Yes,No,Fiber optic,No,No,Yes,No,No,No,Month-to-month,Yes,Bank transfer (automatic),75.73,605.12,0.8294806249299094,1
C100853,Male,1,No,Yes,35,Yes,No,Fiber optic,Yes,No,No,No,No,No,One year,Yes,Credit card (automatic),73.82,2592.24,0.3950969646870382,0
C100854,Male,0,No,Yes,3,Yes,No,No,No internet service,No internet service,No internet service,No internet service,No internet service,No internet service,Month-to-month,Yes,Credit card (automatic),28.69,74.34,0.408036088812049,0
C100855,Female,0,Yes,Yes,35,Yes,No,No,No internet service,No internet service,No internet service,No internet service,No internet service,No internet service,One year,No,Credit card (automatic),30.51,1085.46,0.0769692778998967,0
C100856,Male,0,No,No,41,Yes,Yes,Fiber optic,Yes,Yes,No,Yes,Yes,No,Two year,No,Credit card (automatic),90.82,3735.15,0.28165510119298753,0
C100857,Male,1,Yes,No,55,Yes,Yes,DSL,Yes,No,No,Yes,No,Yes,Two year,Yes,Mailed check,75.83,4167.22,0.19713210384361246,0
C100858,Female,0,Yes,No,24,Yes,No,Fiber optic,No,No,No,No,Yes,Yes,Month-to-month,Yes,Bank transfer (automatic),79.96,1902.41,0.8052242797780674,1
C100859,Female,0,No,Yes,2,Yes,Yes,No,No internet service,No internet service,No internet service,No internet service,No internet service,No internet service,Month-to-month,No,Bank transfer (automatic),34.83,67.86,0.3692284921304821,0
C100860,Female,0,No,No,32,Yes,Yes,DSL,Yes,No,No,Yes,No,Yes,Month-to-month,No,Credit card (automatic),71.71,2336.78,0.35310418601453425,0
C100861,Female,0,Yes,No,30,Yes,Yes,No,No internet service,No internet service,No internet service,No internet service,No internet service,No internet service,Month-to-month,Yes,Bank transfer (automatic),31.58,932.31,0.3627589582904172,0
C100862,Male,0,No,No,44,Yes,No,Fiber optic,No,No,Yes,Yes,No,No,Month-to-month,Yes,Mailed check,78.12,3467.99,0.5361818764774782,1
C100863,Female,0,No,No,7,Yes,No,No,No internet service,No internet service,No internet service,No internet service,No internet service,No internet service,One year,Yes,Credit card (automatic),29.25,169.68,0.16307382501111942,0
C100864,Female,0,Yes,No,44,Yes,No,Fiber optic,Yes,Yes,No,No,Yes,Yes,One year,Yes,Bank transfer (automatic),94.44,4138.18,0.3643628937391317,0
C100865,Female,1,Yes,No,28,Yes,Yes,DSL,No,No,Yes,Yes,No,Yes,Month-to-month,Yes,Electronic check,76.11,2120.37,0.7904578551397028,1
C100866,Female,0,Yes,No,53,Yes,No,Fiber optic,No,No,No,No,No,No,Month-to-month,Yes,Bank transfer (automatic),68.8,3665.42,0.6250978574574249,1
C100867,Female,0,No,No,70,Yes,No,DSL,Yes,No,No,Yes,No,No,Two year,No,Bank transfer (automatic),64.8,4537.01,0.08279892697535936,0
C100868,Male,0,Yes,Yes,16,Yes,No,DSL,No,No,Yes,No,No,Yes,Two year,Yes,Bank transfer (automatic),67.21,1101.61,0.5368687619355842,1
C100869,Male,0,No,No,54,No,No phone service,No,No internet service,No internet service,No internet service,No internet service,No internet service,No internet service,One year,Yes,Credit card (automatic),17.09,916.21,0.07964486743828364,0
C100870,Male,0,Yes,No,9,Yes,Yes,DSL,No,No,Yes,No,No,No,Month-to-month,Yes,Bank transfer (automatic),62.06,557.43,0.7654240426326104,1
C100871,Male,0,No,Yes,70,Yes,No,No,No internet service,No internet service,No internet service,No internet service,No internet service,No internet service,One year,Yes,Credit card (automatic),28.49,1987.42,0.07142730368430164,0
C100872,Male,0,No,No,34,Yes,Yes,DSL,No,Yes,No,Yes,Yes,Yes,Month-to-month,Yes,Mailed check,79.57,2745.93,0.6068428189998896,1
C100873,Male,0,No,No,53,Yes,No,Fiber optic,No,Yes,No,No,Yes,No,Two year,No,Electronic check,82.02,4324.8,0.46995844474386006,0
C100874,Female,0,Yes,Yes,55,No,No phone service,No,No internet service,No internet service,No internet service,No internet service,No internet service,No internet service,Month-to-month,Yes,Mailed check,18.33,997.81,0.24286833566470764,0
C100875,Female,0,No,No,43,Yes,No,Fiber optic,No,No,No,No,No,No,One year,Yes,Bank transfer (automatic),72.44,3095.16,0.38887582777575236,0
C100876,Female,0,No,No,27,Yes,Yes,No,No internet service,No internet service,No internet service,No internet service,No internet service,No internet service,Month-to-month,Yes,Credit card (automatic),38.5,1050.94,0.35147452686232855,0
C100877,Female,0,Yes,No,54,Yes,No,No,No internet service,No internet service,No internet service,No internet service,No internet service,No internet service,One year,No,Bank transfer (automatic),31.51,1678.72,0.05194044830053863,0
C100878,Female,0,Yes,No,34,Yes,No,Fiber optic,No,No,No,No,No,No,One year,No,Mailed check,69.79,2409.3,0.2789912128087047,0
C100879,Female,0,Yes,No,47,Yes,No,Fiber optic,No,No,No,Yes,No,No,One year,Yes,Mailed check,78.89,3709.58,0.26053402539618364,0
C100880,Male,0,Yes,No,44,Yes,Yes,DSL,No,No,No,No,No,Yes,Month-to-month,No,Credit card (automatic),61.23,2702.27,0.4418653125460192,0
C100881,Female,0,Yes,No,33,Yes,No,Fiber optic,No,No,No,Yes,No,No,One year,Yes,Electronic check,79.8,2642.75,0.5024657296589915,1
C100882,Male,1,Yes,Yes,8,Yes,Yes,DSL,Yes,No,Yes,Yes,Yes,Yes,One year,Yes,Electronic check,83.12,664.54,0.6462427975827675,1
C100883,Male,1,Yes,No,21,Yes,Yes,Fiber optic,No,No,No,Yes,Yes,Yes,One year,Yes,Bank transfer (automatic),96.42,2027.26,0.5760635264417014,1
C100884,Female,0,No,No,67,Yes,No,Fiber optic,Yes,No,Yes,No,Yes,No,Month-to-month,No,Bank transfer (automatic),83.21,5576.58,0.3674888742845383,0
C100885,Female,0,Yes,No,37,Yes,No,Fiber optic,No,Yes,No,Yes,No,No,Month-to-month,No,Mailed check,81.65,3031.59,0.47610683977597007,0
C100886,Male,0,Yes,Yes,45,Yes,Yes,No,No internet service,No internet service,No internet service,No internet service,No internet service,No internet service,One year,No,Electronic check,29.1,1293.1,0.13158799691360826,0
C100887,Male,0,No,Yes,18,Yes,No,DSL,Yes,No,No,Yes,No,No,Month-to-month,No,Bank transfer (automatic),65.47,1158.56,0.39831242890758745,0
C100888,Male,0,Yes,No,50,Yes,No,No,No internet service,No internet service,No internet service,No internet service,No internet service,No internet service,One year,Yes,Electronic check,27.3,1381.46,0.1436787444312098,0
C100889,Male,1,Yes,Yes,35,Yes,No,DSL,No,No,Yes,No,No,Yes,Month-to-month,No,Electronic check,61.4,2148.83,0.6897792026117305,1
C100890,Male,1,Yes,No,15,Yes,No,DSL,Yes,No,No,No,No,No,One year,Yes,Electronic check,63.01,905.08,0.5016686977415715,1
C100891,Female,0,Yes,No,10,Yes,No,Fiber optic,Yes,No,Yes,Yes,No,No,Month-to-month,No,Electronic check,81.93,809.81,0.7057383904849658,1
C100892,Female,0,No,No,28,Yes,No,DSL,Yes,Yes,No,No,Yes,No,Two year,Yes,Mailed check,68.16,1939.14,0.4061272209928024,0
C100893,Female,0,Yes,Yes,40,Yes,Yes,Fiber optic,No,No,No,Yes,No,Yes,Month-to-month,Yes,Credit card (automatic),82.87,3311.63,0.6853137446093782,1
C100894,Female,0,Yes,No,20,Yes,Yes,Fiber optic,Yes,Yes,No,No,No,No,Month-to-month,Yes,Electronic check,84.85,1686.36,0.8552204361124882,1
C100895,Female,1,No,No,17,No,No phone service,Fiber optic,Yes,Yes,No,Yes,Yes,No,Month-to-month,Yes,Mailed check,83.54,1390.35,0.7336224995301492,1
C100896,Female,0,No,No,19,Yes,Yes,DSL,Yes,No,No,No,No,Yes,Two year,Yes,Mailed check,72.18,1359.98,0.4121503360940725,0
C100897,Male,1,Yes,No,21,Yes,No,DSL,Yes,No,No,No,Yes,No,Month-to-month,No,Electronic check,64.03,1321.44,0.6771899325365833,1
C100898,Male,0,Yes,No,53,Yes,No,DSL,No,No,Yes,Yes,Yes,No,Month-to-month,No,Bank transfer (automatic),74.37,3950.41,0.3344798585487779,0
C100899,Female,0,No,No,35,Yes,Yes,Fiber optic,No,No,No,Yes,No,Yes,Month-to-month,Yes,Electronic check,83.01,2906.42,0.7928988266221467,1
C100900,Male,0,No,No,33,Yes,Yes,DSL,No,Yes,No,No,No,No,Two year,Yes,Credit card (automatic),60.11,1976.47,0.46788247460606625,0
C100901,Male,0,No,No,11,Yes,No,DSL,No,No,Yes,No,No,Yes,Month-to-month,Yes,Bank transfer (automatic),63.25,680.54,0.7138901642346162,1
C100902,Male,0,Yes,No,39,Yes,No,Fiber optic,No,Yes,Yes,No,No,No,One year,Yes,Electronic check,76.34,3007.95,0.573272129520347,1
C100903,Female,0,Yes,No,69,Yes,No,No,No internet service,No internet service,No internet service,No internet service,No internet service,No internet service,Month-to-month,Yes,Credit card (automatic),29.77,2040.23,0.19019641104439386,0
C100904,Male,0,Yes,No,53,Yes,Yes,Fiber optic,No,No,Yes,No,No,No,Month-to-month,No,Mailed check,74.9,3955.84,0.4859033343767088,0
C100905,Female,1,No,No,32,Yes,No,DSL,Yes,No,Yes,No,No,No,Month-to-month,No,Electronic check,64.58,2061.65,0.5989817593406945,1
C100906,Male,0,No,No,22,Yes,Yes,Fiber optic,No,No,Yes,No,Yes,Yes,Month-to-month,Yes,Mailed check,82.48,1812.42,0.8171393706403094,1
C100907,Male,0,Yes,No,25,Yes,No,DSL,No,No,No,No,No,No,Month-to-month,No,Bank transfer (automatic),55.57,1398.9,0.49590147386792893,0
C100908,Male,0,No,Yes,1,Yes,Yes,DSL,No,No,No,No,No,No,Two year,Yes,Bank transfer (automatic),55.28,73.88,0.6474062972575454,1
C100909,Male,0,Yes,Yes,2,No,No phone service,Fiber optic,No,No,No,Yes,No,No,Month-to-month,No,Bank transfer (automatic),64.33,145.76,0.6818633214949614,1
C100910,Female,0,No,No,55,Yes,No,No,No internet service,No internet service,No internet service,No internet service,No internet service,No internet service,One year,No,Credit card (automatic),28.39,1609.87,0.04929421606323121,0
C100911,Male,0,No,No,60,Yes,Yes,Fiber optic,Yes,No,Yes,No,No,No,Month-to-month,Yes,Credit card (automatic),84.36,5027.62,0.4961994800551358,0
C100912,Male,0,Yes,No,69,Yes,No,DSL,No,No,No,Yes,No,No,Month-to-month,Yes,Electronic check,62.26,4300.66,0.4644366652696686,0
C100913,Female,0,Yes,No,45,Yes,Yes,Fiber optic,No,No,No,Yes,Yes,Yes,Two year,No,Credit card (automatic),90.59,4065.97,0.3386534144424618,0
C100914,Female,1,No,No,66,No,No phone service,No,No internet service,No internet service,No internet service,No internet service,No internet service,No internet service,One year,No,Electronic check,18.21,1242.18,0.09490243018708898,0
C100915,Male,0,Yes,No,29,No,No phone service,DSL,Yes,Yes,Yes,Yes,Yes,Yes,One year,No,Credit card (automatic),77.96,2264.27,0.16449722036222528,0
C100916,Female,1,No,No,18,Yes,No,Fiber optic,Yes,No,Yes,No,No,No,One year,Yes,Electronic check,83.49,1462.17,0.6441767781764424,1
C100917,Female,0,Yes,Yes,17,Yes,No,DSL,No,No,No,No,No,Yes,Month-to-month,Yes,Electronic check,60.93,1044.49,0.8266144182140333,1
C100918,Male,0,No,No,17,Yes,Yes,DSL,Yes,Yes,Yes,No,No,No,Two year,Yes,Mailed check,67.0,1144.41,0.44924038239430397,0
C100919,Female,0,Yes,Yes,53,Yes,No,No,No internet service,No internet service,No internet service,No internet service,No internet service,No internet service,Month-to-month,Yes,Electronic check,28.24,1512.02,0.39929471972156066,0
C100920,Female,0,Yes,No,0,Yes,No,DSL,No,No,Yes,Yes,No,No,Two year,Yes,Credit card (automatic),66.4,0.0,0.5225570976421084,1
C100921,Female,0,Yes,No,68,Yes,No,Fiber optic,Yes,Yes,No,No,No,No,One year,Yes,Electronic check,77.89,5303.3,0.32349140127305115,0
C100922,Male,0,Yes,No,55,Yes,No,DSL,Yes,No,No,No,Yes,No,Month-to-month,No,Mailed check,63.85,3506.52,0.2828545749255846,0
C100923,Male,0,Yes,No,27,Yes,No,Fiber optic,No,No,No,Yes,No,Yes,One year,Yes,Credit card (automatic),79.74,2139.68,0.36605859280340997,0
C100924,Male,0,No,No,50,Yes,No,Fiber optic,No,Yes,No,Yes,No,No,Two year,No,Bank transfer (automatic),80.23,4018.31,0.23400024226307084,0
C100925,Female,0,Yes,Yes,9,Yes,No,Fiber optic,No,No,No,Yes,No,No,Month-to-month,Yes,Bank transfer (automatic),72.17,652.54,0.7951993505058648,1
C100926,Female,0,Yes,Yes,31,Yes,No,Fiber optic,No,No,No,No,No,No,Month-to-month,Yes,Credit card (automatic),69.91,2188.32,0.7526720700337622,1
C100927,Male,0,Yes,No,7,No,No phone service,Fiber optic,Yes,No,No,Yes,No,Yes,One year,Yes,Electronic check,77.22,541.09,0.5286665661989034,1
C100928,Male,0,Yes,No,8,Yes,Yes,DSL,No,No,No,No,Yes,No,Month-to-month,No,Electronic check,62.88,515.09,0.8021642426948283,1
C100929,Female,1,No,No,0,Yes,No,DSL,Yes,No,No,Yes,Yes,No,Month-to-month,Yes,Electronic check,69.39,0.0,0.8263672851052254,1
C100930,Female,0,No,Yes,57,Yes,No,Fiber optic,Yes,No,No,No,Yes,No,One year,Yes,Electronic check,83.55,4790.01,0.4401155352201197,0
C100931,Female,1,Yes,No,53,Yes,No,Fiber optic,Yes,No,Yes,Yes,No,No,Two year,No,Electronic check,81.67,4312.86,0.3145601507746209,0
C100932,Male,0,No,No,64,Yes,No,DSL,No,No,Yes,No,No,Yes,Month-to-month,Yes,Bank transfer (automatic),65.43,4205.7,0.4375357873449648,0
C100933,Female,0,No,No,70,Yes,No,No,No internet service,No internet service,No internet service,No internet service,No internet service,No internet service,Two year,Yes,Electronic check,31.82,2232.62,0.15425197239339877,0
C100934,Male,0,No,Yes,69,Yes,No,DSL,Yes,Yes,Yes,No,Yes,Yes,Month-to-month,No,Bank transfer (automatic),80.4,5550.23,0.29258225318211567,0
C100935,Female,0,Yes,No,71,Yes,No,DSL,Yes,Yes,No,Yes,Yes,No,Month-to-month,Yes,Bank transfer (automatic),79.08,5629.74,0.31190186126055064,0
C100936,Male,0,Yes,Yes,1,Yes,No,No,No internet service,No internet service,No internet service,No internet service,No internet service,No internet service,Month-to-month,No,Mailed check,27.16,0.0,0.26858930320750773,0
C100937,Male,0,Yes,No,56,Yes,No,Fiber optic,No,No,Yes,No,No,No,Month-to-month,No,Bank transfer (automatic),72.02,4021.8,0.4550465801206146,0
C100938,Male,0,No,Yes,52,Yes,No,Fiber optic,Yes,No,No,No,No,Yes,One year,No,Electronic check,79.85,4166.96,0.2642676752151416,0
C100939,Female,1,No,No,11,No,No phone service,DSL,No,No,No,Yes,No,No,Month-to-month,Yes,Credit card (automatic),59.23,689.94,0.6716173486810288,1
C100940,Female,0,No,No,9,Yes,No,Fiber optic,No,No,No,No,No,No,Month-to-month,Yes,Mailed check,71.27,640.94,0.7907202601642782,1
C100941,Male,0,Yes,Yes,70,No,No phone service,Fiber optic,Yes,Yes,No,Yes,No,No,One year,No,Credit card (automatic),76.74,5322.88,0.09353685216602273,0
C100942,Female,0,No,No,63,Yes,No,DSL,No,No,Yes,No,No,No,One year,Yes,Bank transfer (automatic),60.63,3813.56,0.22559146706684743,0
C100943,Male,0,No,No,23,Yes,No,Fiber optic,No,No,Yes,No,No,No,One year,Yes,Bank transfer (automatic),74.2,1705.33,0.4919313784221335,0
C100944,Male,0,Yes,No,5,No,No phone service,DSL,No,Yes,No,Yes,Yes,No,One year,No,Mailed check,63.62,340.31,0.29200707855853153,0
C100945,Male,0,No,No,24,No,No phone service,DSL,No,No,No,Yes,No,No,Two year,No,Mailed check,46.32,1112.75,0.21320081422334647,0
C100946,Female,0,Yes,Yes,0,No,No phone service,DSL,No,No,No,Yes,No,Yes,One year,Yes,Mailed check,57.69,0.0,0.41826553283790624,0
C100947,Male,0,No,No,49,Yes,Yes,DSL,No,No,No,No,No,Yes,Two year,No,Bank transfer (automatic),65.07,3207.73,0.24005593708359402,0
C100948,Female,0,No,No,27,Yes,No,DSL,No,Yes,No,Yes,Yes,Yes,Two year,Yes,Bank transfer (automatic),79.55,2159.13,0.45660343796938374,0
C100949,Male,0,No,No,3,Yes,Yes,Fiber optic,No,No,No,Yes,No,No,Two year,No,Credit card (automatic),76.11,214.35,0.50305344319321,1
C100950,Male,0,No,No,70,Yes,No,Fiber optic,Yes,No,Yes,No,No,No,Month-to-month,Yes,Electronic check,76.29,5355.03,0.5515112126239006,1
C100951,Male,1,Yes,No,59,No,No phone service,DSL,Yes,No,No,Yes,No,No,Month-to-month,Yes,Credit card (automatic),53.45,3142.78,0.3374447811624756,0
C100952,Female,1,Yes,Yes,65,Yes,No,Fiber optic,Yes,Yes,No,Yes,No,No,Month-to-month,Yes,Credit card (automatic),86.31,5603.91,0.46438076865939776,0
C100953,Male,0,Yes,No,71,Yes,No,DSL,No,Yes,No,No,Yes,Yes,Month-to-month,Yes,Electronic check,72.34,5125.65,0.6068366337956066,1
C100954,Female,0,Yes,No,1,No,No phone service,Fiber optic,Yes,No,No,Yes,Yes,No,One year,Yes,Electronic check,74.63,68.43,0.6539156035569192,1
C100955,Female,0,Yes,No,55,No,No phone service,No,No internet service,No internet service,No internet service,No internet service,No internet service,No internet service,Month-to-month,No,Bank transfer (automatic),24.79,1381.35,0.14386526679907716,0
C100956,Male,0,Yes,No,56,No,No phone service,Fiber optic,No,Yes,No,No,Yes,Yes,One year,Yes,Electronic check,76.72,4260.38,0.5109432644752515,1
C100957,Female,0,Yes,Yes,56,Yes,No,Fiber optic,Yes,Yes,Yes,No,Yes,No,Two year,No,Electronic check,89.31,5023.47,0.4342787130861642,0
C100958,Female,0,Yes,Yes,19,Yes,No,DSL,No,No,No,Yes,No,Yes,Month-to-month,Yes,Bank transfer (automatic),66.48,1266.66,0.6531639509475087,1
C100959,Male,0,Yes,No,28,No,No phone service,DSL,Yes,No,Yes,No,No,Yes,Two year,Yes,Bank transfer (automatic),62.33,1737.33,0.33451753009191604,0
C100960,Male,1,No,No,66,Yes,Yes,Fiber optic,No,No,No,Yes,No,No,One year,Yes,Electronic check,79.97,5278.68,0.3859486135353664,0
C100961,Male,0,Yes,No,4,Yes,No,Fiber optic,No,Yes,Yes,No,No,No,Two year,No,Credit card (automatic),82.72,312.72,0.5695460612157499,1
C100962,Female,1,No,No,46,No,No phone service,Fiber optic,No,No,Yes,No,Yes,No,Month-to-month,Yes,Electronic check,66.97,3047.77,0.8526766492288792,1
C100963,Male,0,No,No,57,Yes,Yes,No,No internet service,No internet service,No internet service,No internet service,No internet service,No internet service,Two year,Yes,Electronic check,29.14,1643.14,0.20760606170267915,0
C100964,Female,1,No,No,57,Yes,No,DSL,No,No,No,No,No,Yes,Month-to-month,Yes,Electronic check,59.15,3333.63,0.6873049327442374,1
C100965,Female,0,Yes,Yes,42,Yes,Yes,Fiber optic,No,Yes,No,No,No,No,Two year,No,Credit card (automatic),78.38,3265.05,0.4508386339452937,0
C100966,Female,0,Yes,No,55,Yes,Yes,Fiber optic,Yes,Yes,No,No,No,Yes,Month-to-month,No,Credit card (automatic),86.93,4748.68,0.42981449747913525,0
C100967,Male,1,No,No,65,No,No phone service,DSL,No,Yes,No,Yes,Yes,No,Month-to-month,No,Electronic check,64.18,4196.02,0.4749784321953856,0
C100968,Female,1,No,Yes,55,Yes,Yes,DSL,No,No,No,No,No,No,Month-to-month,No,Bank transfer (automatic),57.02,3110.2,0.5221206081479844,1
C100969,Male,0,Yes,Yes,8,Yes,Yes,Fiber optic,Yes,Yes,No,Yes,No,Yes,One year,No,Electronic check,96.7,772.81,0.5259827301163985,1
C100970,Male,0,Yes,Yes,17,Yes,No,DSL,No,No,No,No,No,No,Two year,No,Electronic check,52.92,922.03,0.5174456283379285,1
C100971,Male,0,No,Yes,21,Yes,No,Fiber optic,No,Yes,Yes,No,No,Yes,One year,No,Electronic check,86.96,1843.11,0.5708860669456336,1
C100972,Male,0,Yes,No,24,No,No phone service,Fiber optic,Yes,Yes,No,Yes,No,Yes,One year,Yes,Credit card (automatic),84.42,2020.25,0.3107306593774809,0
C100973,Male,0,No,Yes,25,Yes,Yes,Fiber optic,Yes,No,No,No,No,No,Month-to-month,Yes,Mailed check,76.59,1908.89,0.703607732665293,1
C100974,Male,1,Yes,No,15,Yes,No,Fiber optic,No,No,No,No,No,Yes,Two year,No,Bank transfer (automatic),77.22,1161.96,0.5194694661016365,1
C100975,Male,0,Yes,Yes,49,Yes,No,Fiber optic,No,No,No,No,No,Yes,Month-to-month,No,Electronic check,76.67,3799.04,0.645417749365621,1
C100976,Male,0,No,Yes,7,Yes,No,Fiber optic,No,No,Yes,No,No,No,Two year,No,Credit card (automatic),75.29,535.3,0.5561200476286651,1
C100977,Female,0,Yes,No,56,Yes,No,Fiber optic,No,Yes,No,No,No,No,One year,Yes,Credit card (automatic),77.21,4337.19,0.3318975264807966,0
C100978,Male,0,No,Yes,47,Yes,No,DSL,Yes,No,No,No,No,No,Month-to-month,No,Electronic check,62.43,2979.68,0.4593950646226035,0
C100979,Female,0,Yes,No,69,Yes,No,No,No internet service,No internet service,No internet service,No internet service,No internet service,No internet service,Month-to-month,Yes,Bank transfer (automatic),31.29,2164.24,0.19409023927939273,0
C100980,Female,0,Yes,No,0,Yes,No,DSL,Yes,Yes,No,Yes,Yes,No,One year,Yes,Bank transfer (automatic),77.66,0.0,0.44267042398816514,0
C100981,Female,0,No,Yes,21,Yes,Yes,DSL,Yes,No,No,No,No,No,Two year,Yes,Credit card (automatic),59.83,1265.92,0.4736623286790568,0
C100982,Female,0,Yes,Yes,64,Yes,Yes,Fiber optic,Yes,No,Yes,Yes,No,No,One year,Yes,Mailed check,87.9,5634.72,0.1924011111458945,0
C100983,Female,1,Yes,No,35,Yes,Yes,DSL,Yes,No,No,No,No,No,Two year,Yes,Electronic check,60.25,2089.35,0.5702962760844011,1
C100984,Female,0,No,No,40,Yes,No,DSL,Yes,Yes,No,No,No,No,Two year,No,Mailed check,63.95,2535.6,0.18860535147532903,0
C100985,Female,1,No,No,2,Yes,No,DSL,No,No,No,No,No,No,Month-to-month,No,Bank transfer (automatic),57.79,105.34,0.6824236887853917,1
C100986,Female,0,No,No,54,Yes,No,Fiber optic,No,No,Yes,No,No,No,Month-to-month,Yes,Mailed check,73.98,4012.69,0.5888278903889366,1
C100987,Male,0,Yes,No,18,No,No phone service,Fiber optic,Yes,No,Yes,Yes,No,No,One year,Yes,Electronic check,68.74,1253.94,0.48593900116840943,0
C100988,Male,0,Yes,No,69,Yes,No,DSL,No,Yes,No,Yes,Yes,Yes,Month-to-month,No,Credit card (automatic),74.38,5159.09,0.262349814621586,0
C100989,Female,0,No,No,26,Yes,No,Fiber optic,Yes,No,Yes,Yes,No,No,Two year,No,Credit card (automatic),86.45,2247.55,0.2722524084160515,0
C100990,Male,0,Yes,No,13,Yes,Yes,DSL,No,Yes,No,Yes,No,Yes,Month-to-month,No,Mailed check,72.65,955.23,0.5311499871842015,1
C100991,Female,0,Yes,Yes,42,Yes,No,No,No internet service,No internet service,No internet service,No internet service,No internet service,No internet service,One year,Yes,Bank transfer (automatic),31.96,1353.14,0.12029073921294318,0
C100992,Male,0,No,No,34,Yes,No,DSL,No,No,Yes,Yes,Yes,No,Month-to-month,Yes,Mailed check,67.98,2309.24,0.5500478171290104,1
C100993,Male,0,Yes,No,33,Yes,No,Fiber optic,No,No,No,No,No,Yes,Two year,No,Bank transfer (automatic),76.95,2533.06,0.3631679944272699,0
C100994,Female,0,Yes,No,68,Yes,No,Fiber optic,Yes,No,No,No,No,No,Month-to-month,Yes,Electronic check,76.08,5143.73,0.5753911049475939,1
C100995,Female,0,Yes,No,26,Yes,No,Fiber optic,Yes,No,No,No,Yes,No,One year,No,Mailed check,82.97,2154.29,0.2879707138724991,0
C100996,Female,0,Yes,No,28,Yes,Yes,No,No internet service,No internet service,No internet service,No internet service,No internet service,No internet service,Month-to-month,Yes,Mailed check,31.36,876.06,0.33491239778566434,0
C100997,Male,0,No,Yes,44,Yes,No,DSL,No,No,No,No,No,Yes,Two year,No,Credit card (automatic),62.95,2792.46,0.24109732214545845,0
C100998,Female,0,No,No,12,Yes,Yes,Fiber optic,Yes,Yes,Yes,No,No,No,Month-to-month,Yes,Electronic check,89.77,1101.86,0.884145935313086,1
C100999,Female,0,Yes,No,59,No,No phone service,Fiber optic,No,Yes,Yes,Yes,No,Yes,One year,Yes,Electronic check,74.32,4387.69,0.4031727423150062,0
C101000,Female,0,Yes,No,16,Yes,No,Fiber optic,No,No,Yes,No,No,No,Two year,Yes,Mailed check,74.13,1227.34,0.6070070009135135,1
C101001,Female,0,No,No,17,Yes,No,DSL,Yes,No,No,No,No,Yes,Month-to-month,Yes,Credit card (automatic),61.48,1049.03,0.6008536438882196,1
C101002,Female,0,Yes,No,0,Yes,No,DSL,No,No,No,Yes,No,No,Month-to-month,Yes,Mailed check,58.85,0.0,0.6718602194360473,1
C101003,Female,0,No,No,24,No,No phone service,DSL,No,Yes,Yes,No,No,No,Month-to-month,Yes,Electronic check,51.05,1223.28,0.8045393347899282,1
C101004,Male,1,No,No,41,Yes,Yes,DSL,No,No,No,No,Yes,Yes,One year,Yes,Bank transfer (automatic),69.83,2840.39,0.43017738528971655,0
C101005,Female,0,No,Yes,50,Yes,No,No,No internet service,No internet service,No internet service,No internet service,No internet service,No internet service,Month-to-month,Yes,Electronic check,30.94,1538.69,0.4029955774562471,0
C101006,Female,1,Yes,No,64,Yes,Yes,Fiber optic,No,No,No,No,No,No,Month-to-month,Yes,Bank transfer (automatic),75.26,4846.28,0.6547995576761768,1
C101007,Female,0,No,No,56,Yes,No,DSL,No,No,No,No,No,No,Month-to-month,Yes,Bank transfer (automatic),55.66,3111.68,0.5082642286523819,1
C101008,Female,0,Yes,No,23,Yes,Yes,Fiber optic,Yes,No,No,No,Yes,Yes,Month-to-month,No,Bank transfer (automatic),91.68,2099.4,0.6674306904616563,1
C101009,Female,0,No,Yes,59,Yes,No,Fiber optic,Yes,No,No,Yes,No,No,Month-to-month,Yes,Bank transfer (automatic),78.3,4619.84,0.44359276214817855,0
C101010,Male,0,No,No,14,Yes,No,DSL,Yes,Yes,Yes,No,No,Yes,Month-to-month,No,Electronic check,76.64,1065.19,0.6435197188944385,1
C101011,Female,1,No,No,15,Yes,No,Fiber optic,No,No,No,No,Yes,No,One year,Yes,Bank transfer (automatic),67.76,1040.28,0.667321690337552,1
C101012,Male,0,No,No,25,Yes,No,Fiber optic,No,No,No,Yes,Yes,No,One year,Yes,Credit card (automatic),85.82,2183.13,0.4289075365877039,0
C101013,Male,0,No,Yes,38,Yes,No,DSL,Yes,No,No,Yes,Yes,No,Month-to-month,No,Mailed check,75.37,2864.1,0.3120166723552472,0
C101014,Female,0,Yes,No,14,No,No phone service,Fiber optic,No,Yes,Yes,Yes,No,Yes,Two year,No,Credit card (automatic),81.88,1157.06,0.4475882568453784,0
C101015,Female,0,Yes,Yes,64,Yes,No,DSL,Yes,No,No,No,No,No,Month-to-month,No,Bank transfer (automatic),65.57,4216.07,0.26878503755820105,0
C101016,Male,0,No,No,19,Yes,No,DSL,No,Yes,No,No,No,No,Two year,Yes,Bank transfer (automatic),54.49,1037.49,0.49853391826360466,0
C101017,Male,0,No,No,28,Yes,Yes,Fiber optic,No,No,No,No,No,No,Month-to-month,Yes,Electronic check,74.95,2081.0,0.8487774136779132,1
C101018,Male,0,Yes,No,43,Yes,No,Fiber optic,Yes,No,Yes,Yes,No,No,Month-to-month,Yes,Credit card (automatic),85.34,3661.34,0.46880338462876625,0
C101019,Male,1,No,No,30,Yes,No,No,No internet service,No internet service,No internet service,No internet service,No internet service,No internet service,One year,Yes,Electronic check,30.61,926.55,0.21542200953669044,0
C101020,Male,0,No,No,29,Yes,No,DSL,Yes,Yes,No,No,No,No,Month-to-month,No,Electronic check,61.09,1779.52,0.5526296206552138,1
C101021,Male,0,Yes,No,70,No,No phone service,Fiber optic,Yes,No,Yes,Yes,No,No,Two year,Yes,Electronic check,75.99,5283.25,0.2770994054759886,0
C101022,Female,0,Yes,Yes,31,No,No phone service,No,No internet service,No internet service,No internet service,No internet service,No internet service,No internet service,One year,Yes,Bank transfer (automatic),20.87,638.22,0.13912615143167975,0
C101023,Female,1,Yes,Yes,8,Yes,Yes,Fiber optic,No,No,No,No,Yes,Yes,Month-to-month,Yes,Bank transfer (automatic),83.28,651.47,0.9179435832744356,1
C101024,Female,1,Yes,No,52,Yes,Yes,No,No internet service,No internet service,No internet service,No internet service,No internet service,No internet service,Month-to-month,Yes,Bank transfer (automatic),32.83,1724.72,0.3277340299890533,0
C101025,Male,0,Yes,No,50,Yes,Yes,No,No internet service,No internet service,No internet service,No internet service,No internet service,No internet service,One year,Yes,Electronic check,29.71,1471.72,0.17280400079333846,0
C101026,Male,0,Yes,No,15,Yes,No,Fiber optic,No,No,Yes,No,No,Yes,Month-to-month,Yes,Bank transfer (automatic),79.01,1175.95,0.7903182536775283,1
C101027,Male,0,Yes,No,61,Yes,Yes,No,No internet service,No internet service,No internet service,No internet service,No internet service,No internet service,Month-to-month,No,Electronic check,35.4,2149.6,0.22882328440076852,0
C101028,Female,1,Yes,No,28,Yes,No,Fiber optic,No,No,No,No,No,Yes,Two year,Yes,Credit card (automatic),78.45,2212.48,0.5974612502591441,1
C101029,Male,0,No,No,10,No,No phone service,Fiber optic,No,No,Yes,Yes,No,Yes,Month-to-month,Yes,Electronic check,77.92,798.59,0.8359573466610071,1
C101030,Male,0,Yes,No,12,Yes,No,No,No internet service,No internet service,No internet service,No internet service,No internet service,No internet service,Month-to-month,Yes,Mailed check,32.4,398.68,0.31342902667153505,0
C101031,Male,0,No,Yes,51,Yes,Yes,Fiber optic,No,Yes,No,Yes,Yes,No,Month-to-month,Yes,Mailed check,91.43,4685.24,0.6446848739832876,1
C101032,Female,0,No,Yes,15,No,No phone service,DSL,No,No,No,Yes,Yes,No,One year,Yes,Mailed check,55.39,855.58,0.40555335426009825,0
C101033,Male,0,No,Yes,33,Yes,No,DSL,No,No,No,No,No,No,Month-to-month,No,Bank transfer (automatic),55.85,1806.81,0.4953883457424135,0
C101034,Male,0,No,No,52,Yes,No,DSL,No,No,Yes,Yes,No,Yes,One year,Yes,Credit card (automatic),73.72,3845.12,0.17288576862927682,0
C101035,Female,0,No,No,61,No,No phone service,Fiber optic,No,No,Yes,No,No,No,Two year,Yes,Bank transfer (automatic),60.55,3686.22,0.4035743283547563,0
C101036,Female,1,Yes,No,35,Yes,No,DSL,Yes,No,Yes,Yes,No,Yes,Month-to-month,No,Mailed check,72.54,2513.65,0.33168708417818205,0
C101037,Male,0,No,Yes,65,Yes,No,DSL,Yes,Yes,Yes,No,Yes,Yes,Month-to-month,Yes,Electronic check,76.4,4959.5,0.5986253502434307,1
C101038,Male,0,Yes,No,21,Yes,Yes,Fiber optic,Yes,No,No,Yes,No,No,Month-to-month,Yes,Bank transfer (automatic),79.54,1684.88,0.6562937243855878,1
C101039,Female,0,No,Yes,62,Yes,No,DSL,No,No,No,Yes,No,Yes,Month-to-month,No,Mailed check,64.37,4020.23,0.2639842303826078,0
C101040,Female,1,No,No,18,No,No phone service,No,No internet service,No internet service,No internet service,No internet service,No internet service,No internet service,Month-to-month,Yes,Credit card (automatic),18.69,309.45,0.3824182602133967,0
C101041,Female,0,Yes,Yes,4,Yes,No,Fiber optic,No,No,No,No,No,No,Month-to-month,Yes,Bank transfer (automatic),73.78,307.49,0.8539334105422587,1
C101042,Male,0,Yes,No,52,Yes,Yes,DSL,No,Yes,No,No,Yes,No,Two year,No,Mailed check,66.91,3518.44,0.2733579037705011,0
C101043,Male,0,No,Yes,54,Yes,Yes,DSL,Yes,Yes,No,No,Yes,No,Month-to-month,No,Credit card (automatic),69.21,3773.91,0.41777580180189683,0
C101044,Female,0,Yes,No,66,Yes,Yes,Fiber optic,No,No,No,No,No,Yes,Two year,Yes,Electronic check,79.42,5172.35,0.5307148440654845,1
C101045,Male,0,Yes,No,66,Yes,No,Fiber optic,No,Yes,No,Yes,Yes,Yes,Two year,No,Bank transfer (automatic),91.53,6084.4,0.1980580698060801,0
C101046,Male,0,Yes,No,7,Yes,No,Fiber optic,No,No,No,No,Yes,No,Month-to-month,Yes,Mailed check,74.04,537.53,0.8245591655800097,1
C101047,Female,0,No,Yes,44,Yes,Yes,DSL,No,Yes,No,No,Yes,No,Two year,No,Electronic check,66.53,2881.11,0.5510929828113204,1
C101048,Female,0,No,No,50,Yes,No,No,No internet service,No internet service,No internet service,No internet service,No internet service,No internet service,One year,Yes,Electronic check,32.67,1618.07,0.1512079335666771,0
C101049,Male,0,No,No,43,Yes,Yes,Fiber optic,Yes,No,Yes,Yes,No,No,Month-to-month,Yes,Bank transfer (automatic),84.48,3657.59,0.5369346757065746,1
C101050,Female,1,Yes,No,1,Yes,Yes,Fiber optic,Yes,Yes,No,No,No,Yes,One year,No,Electronic check,83.84,91.04,0.6820511117328463,1
C101051,Male,0,Yes,No,3,Yes,No,Fiber optic,No,Yes,No,Yes,Yes,No,Month-to-month,Yes,Credit card (automatic),87.17,250.02,0.8295636682808636,1
C101052,Female,0,Yes,No,48,Yes,Yes,No,No internet service,No internet service,No internet service,No internet service,No internet service,No internet service,Month-to-month,No,Electronic check,31.47,1511.65,0.29885798094132254,0
C101053,Female,0,No,No,61,Yes,No,Fiber optic,Yes,No,Yes,Yes,Yes,Yes,Two year,Yes,Electronic check,100.88,6164.63,0.36792770984750633,0
C101054,Male,0,No,No,12,Yes,No,Fiber optic,No,Yes,No,Yes,No,No,One year,No,Bank transfer (automatic),79.61,943.79,0.35481926631878113,0
C101055,Female,0,No,No,3,Yes,Yes,No,No internet service,No internet service,No internet service,No internet service,No internet service,No internet service,Month-to-month,Yes,Electronic check,32.75,95.7,0.6044887731843281,1
C101056,Male,0,Yes,Yes,29,Yes,No,No,No internet service,No internet service,No internet service,No internet service,No internet service,No internet service,One year,Yes,Electronic check,31.97,944.96,0.20979621350294828,0
C101057,Female,0,No,No,22,Yes,No,Fiber optic,No,Yes,Yes,No,No,No,Two year,Yes,Mailed check,73.82,1610.01,0.607305513157608,1
C101058,Male,0,Yes,Yes,70,No,No phone service,Fiber optic,Yes,No,No,Yes,No,Yes,Month-to-month,Yes,Bank transfer (automatic),77.84,5421.94,0.34552142124776136,0
C101059,Male,1,No,No,66,Yes,No,Fiber optic,No,Yes,No,No,No,Yes,Month-to-month,Yes,Mailed check,79.09,5206.93,0.5508250209825205,1
C101060,Female,1,No,No,40,Yes,Yes,Fiber optic,Yes,Yes,No,No,Yes,No,Month-to-month,No,Mailed check,90.57,3604.9,0.6058452920822466,1
C101061,Female,0,No,Yes,68,Yes,Yes,DSL,No,No,No,Yes,No,No,Two year,No,Bank transfer (automatic),62.38,4229.95,0.17228812190945497,0
C101062,Male,0,No,No,16,Yes,No,Fiber optic,No,No,No,No,No,No,Month-to-month,Yes,Credit card (automatic),70.44,1092.52,0.7634124884995042,1
C101063,Female,0,No,No,71,Yes,No,DSL,No,No,No,Yes,No,No,Month-to-month,Yes,Mailed check,60.1,4272.0,0.31477557317036725,0
C101064,Female,0,Yes,No,32,Yes,No,DSL,Yes,No,No,Yes,No,No,One year,Yes,Credit card (automatic),67.03,2162.38,0.19694891084697136,0
C101065,Male,0,Yes,Yes,34,Yes,No,No,No internet service,No internet service,No internet service,No internet service,No internet service,No internet service,Month-to-month,No,Electronic check,29.37,982.42,0.3103621639941643,0
C101066,Female,0,Yes,No,3,Yes,No,DSL,No,No,No,No,No,Yes,Month-to-month,No,Mailed check,61.66,171.93,0.5997927626284986,1
C101067,Female,0,No,No,12,Yes,Yes,Fiber optic,No,No,No,No,Yes,No,Two year,Yes,Mailed check,83.38,996.85,0.7183460707245762,1
C101068,Male,0,No,No,13,Yes,No,DSL,No,No,No,Yes,Yes,No,One year,Yes,Mailed check,66.29,843.48,0.3626143033724072,0
C101069,Male,1,No,No,35,Yes,No,DSL,No,No,No,No,Yes,No,Month-to-month,Yes,Electronic check,62.01,2189.92,0.7964423871133287,1
C101070,Female,0,No,Yes,13,No,No phone service,DSL,No,No,No,No,No,No,Two year,Yes,Electronic check,50.72,641.54,0.680360713287095,1
C101071,Male,0,Yes,Yes,7,Yes,Yes,Fiber optic,No,No,No,No,No,No,Month-to-month,Yes,Electronic check,73.97,507.3,0.916149628276452,1
C101072,Female,0,No,No,43,Yes,No,Fiber optic,No,No,No,No,Yes,Yes,Month-to-month,Yes,Electronic check,75.91,3249.06,0.8246234316767093,1
C101073,Female,0,No,No,62,Yes,No,DSL,No,No,No,No,No,No,Month-to-month,No,Mailed check,53.33,3326.88,0.31252945973659524,0
C101074,Male,0,Yes,No,5,No,No phone service,Fiber optic,No,Yes,Yes,No,No,Yes,Month-to-month,Yes,Mailed check,70.99,350.33,0.8157812097723113,1
C101075,Male,1,Yes,No,40,Yes,No,Fiber optic,No,No,Yes,No,Yes,No,One year,Yes,Electronic check,82.3,3332.06,0.6419097227780924,1
C101076,Female,0,Yes,No,69,Yes,No,DSL,Yes,No,Yes,No,No,No,Month-to-month,Yes,Bank transfer (automatic),63.77,4406.89,0.3552020539780052,0
C101077,Male,0,Yes,No,29,Yes,No,DSL,No,No,Yes,No,No,Yes,Month-to-month,Yes,Mailed check,67.66,1985.27,0.5879723553334837,1
C101078,Male,0,No,Yes,13,Yes,No,DSL,Yes,No,No,Yes,No,No,Two year,No,Electronic check,67.53,871.39,0.3644532381888738,0
C101079,Female,0,No,No,5,Yes,Yes,DSL,Yes,Yes,No,Yes,No,No,Month-to-month,No,Electronic check,74.52,353.74,0.6801515008660057,1
C101080,Female,0,No,Yes,67,Yes,No,DSL,No,Yes,No,No,Yes,Yes,Month-to-month,Yes,Bank transfer (automatic),67.94,4551.43,0.5679409672427471,1
C101081,Female,0,Yes,No,29,Yes,Yes,Fiber optic,Yes,No,No,Yes,No,No,Month-to-month,Yes,Bank transfer (automatic),85.26,2459.02,0.631942843528509,1
C101082,Female,0,No,No,7,Yes,No,Fiber optic,Yes,No,Yes,Yes,No,Yes,Two year,No,Credit card (automatic),94.42,620.94,0.3806741001306888,0
C101083,Female,0,No,No,62,Yes,No,Fiber optic,No,No,No,No,Yes,No,Month-to-month,No,Electronic check,72.38,4507.97,0.6326759331613224,1
C101084,Male,0,Yes,No,57,Yes,No,Fiber optic,No,Yes,Yes,No,Yes,No,Month-to-month,No,Bank transfer (automatic),83.21,4743.46,0.5262475152260565,1
C101085,Female,0,No,No,50,No,No phone service,Fiber optic,Yes,Yes,Yes,Yes,No,No,Two year,Yes,Mailed check,79.89,3980.3,0.2679423990271814,0
C101086,Female,1,Yes,No,6,Yes,No,DSL,No,Yes,No,Yes,No,No,Month-to-month,Yes,Credit card (automatic),65.25,399.0,0.7395979386952961,1
C101087,Female,0,Yes,No,5,Yes,No,DSL,Yes,Yes,Yes,No,No,No,Two year,Yes,Bank transfer (automatic),71.59,358.9,0.5244005049358259,1
C101088,Female,0,Yes,Yes,15,Yes,No,Fiber optic,No,No,Yes,No,Yes,Yes,One year,Yes,Electronic check,87.82,1345.51,0.7805285904216974,1
C101089,Male,0,Yes,No,11,Yes,No,DSL,Yes,No,No,No,No,No,Two year,No,Credit card (automatic),61.02,679.82,0.2748966338183675,0
C101090,Female,0,No,No,38,Yes,Yes,DSL,Yes,No,No,No,No,No,Month-to-month,Yes,Mailed check,65.04,2468.53,0.5125528058021991,1
C101091,Male,0,Yes,Yes,28,Yes,No,No,No internet service,No internet service,No internet service,No internet service,No internet service,No internet service,Two year,Yes,Credit card (automatic),31.91,907.37,0.1701432414230867,0
C101092,Female,0,Yes,No,55,Yes,No,DSL,No,No,No,No,Yes,Yes,Month-to-month,Yes,Electronic check,67.1,3689.93,0.6950711881956373,1
C101093,Male,0,Yes,Yes,7,Yes,Yes,DSL,No,Yes,No,Yes,Yes,No,Month-to-month,Yes,Mailed check,73.11,515.47,0.7786080813284167,1
C101094,Male,0,Yes,No,52,Yes,No,No,No internet service,No internet service,No internet service,No internet service,No internet service,No internet service,One year,No,Bank transfer (automatic),32.48,1713.26,0.04729873768565135,0
C101095,Male,0,Yes,No,67,Yes,No,DSL,No,No,No,No,No,Yes,Month-to-month,Yes,Electronic check,59.14,3939.16,0.5648138549104486,1
C101096,Female,1,Yes,No,9,Yes,No,DSL,No,No,No,No,No,No,Month-to-month,Yes,Bank transfer (automatic),54.82,476.11,0.7698989665461019,1
C101097,Female,0,No,No,46,Yes,No,DSL,No,No,No,Yes,Yes,Yes,One year,No,Electronic check,70.11,3216.59,0.2625841535461926,0
C101098,Male,0,Yes,Yes,36,Yes,No,Fiber optic,No,No,Yes,Yes,No,No,Month-to-month,Yes,Electronic check,81.83,2940.39,0.7711979701384338,1
C101099,Male,0,No,Yes,6,Yes,No,No,No internet service,No internet service,No internet service,No internet service,No internet service,No internet service,Month-to-month,Yes,Electronic check,33.08,221.62,0.5461064881663205,1
C101100,Male,0,Yes,Yes,21,Yes,No,Fiber optic,Yes,Yes,No,No,Yes,Yes,Month-to-month,Yes,Credit card (automatic),88.66,1833.59,0.7757582848485022,1
C101101,Male,1,No,Yes,56,Yes,Yes,Fiber optic,No,Yes,Yes,No,No,No,Month-to-month,Yes,Credit card (automatic),80.62,4513.86,0.7304731123132574,1
C101102,Female,0,No,No,62,Yes,No,DSL,No,No,Yes,No,Yes,No,Month-to-month,Yes,Mailed check,63.8,3944.57,0.509424222914511,1
C101103,Male,0,Yes,No,26,Yes,Yes,DSL,Yes,No,No,No,No,Yes,One year,Yes,Bank transfer (automatic),71.69,1897.91,0.30774606938207316,0
C101104,Male,0,Yes,No,7,Yes,Yes,Fiber optic,No,No,No,No,No,Yes,Month-to-month,Yes,Electronic check,82.54,595.47,0.9028818708554629,1
C101105,Male,0,No,No,17,Yes,No,DSL,Yes,Yes,Yes,Yes,No,No,Month-to-month,No,Mailed check,72.8,1242.41,0.3748930593198477,0
C101106,Male,0,No,No,60,Yes,Yes,DSL,No,No,No,No,No,Yes,Month-to-month,No,Credit card (automatic),56.27,3395.7,0.3704383689497041,0
C101107,Female,0,No,Yes,41,Yes,No,Fiber optic,No,Yes,Yes,No,Yes,Yes,Month-to-month,Yes,Credit card (automatic),92.88,3781.77,0.7761082718893066,1
C101108,Female,1,Yes,Yes,30,Yes,No,Fiber optic,No,No,No,Yes,Yes,No,Month-to-month,Yes,Bank transfer (automatic),82.11,2503.93,0.7876757322976321,1
C101109,Male,0,Yes,No,0,Yes,Yes,No,No internet service,No internet service,No internet service,No internet service,No internet service,No internet service,One year,Yes,Electronic check,33.12,0.0,0.3132571780368791,0
C101110,Female,0,No,No,56,Yes,No,Fiber optic,Yes,Yes,No,No,Yes,No,Month-to-month,Yes,Credit card (automatic),87.41,4920.06,0.5650835802546765,1
C101111,Male,0,No,No,33,Yes,No,Fiber optic,Yes,No,No,Yes,No,Yes,One year,Yes,Credit card (automatic),86.09,2852.0,0.247935668947029,0
C101112,Male,0,Yes,No,39,Yes,No,Fiber optic,No,Yes,Yes,No,No,No,Month-to-month,Yes,Credit card (automatic),76.42,2985.83,0.6979008924686328,1
C101113,Male,1,No,No,60,Yes,No,No,No internet service,No internet service,No internet service,No internet service,No internet service,No internet service,Month-to-month,Yes,Bank transfer (automatic),29.11,1770.95,0.2369494983470907,0
C101114,Male,0,No,Yes,40,Yes,No,DSL,No,Yes,Yes,No,Yes,Yes,Month-to-month,Yes,Electronic check,76.22,3068.84,0.7940626290640894,1
C101115,Male,0,Yes,Yes,66,Yes,Yes,Fiber optic,No,Yes,No,No,No,No,Month-to-month,Yes,Credit card (automatic),79.2,5229.18,0.61801980205795,1
C101116,Female,0,Yes,Yes,40,Yes,Yes,DSL,No,No,No,No,No,Yes,One year,No,Bank transfer (automatic),68.08,2714.88,0.2636462668616607,0
C101117,Female,0,Yes,No,24,Yes,No,No,No internet service,No internet service,No internet service,No internet service,No internet service,No internet service,One year,Yes,Electronic check,31.01,746.66,0.21607451960038995,0
C101118,Female,0,Yes,No,66,Yes,Yes,No,No internet service,No internet service,No internet service,No internet service,No internet service,No internet service,Two year,No,Electronic check,32.64,2152.08,0.1226307149746686,0
C101119,Male,0,No,No,46,Yes,No,Fiber optic,No,No,Yes,No,No,No,Month-to-month,Yes,Bank transfer (automatic),76.22,3512.99,0.6384191909928821,1
C101120,Male,0,Yes,Yes,54,No,No phone service,DSL,No,No,No,Yes,No,Yes,Month-to-month,Yes,Credit card (automatic),54.57,2967.29,0.4351672495309342,0
C101121,Male,0,Yes,No,16,Yes,No,No,No internet service,No internet service,No internet service,No internet service,No internet service,No internet service,Two year,No,Credit card (automatic),33.55,546.15,0.10640953437158607,0
C101122,Male,0,No,No,48,Yes,No,DSL,No,No,No,No,No,No,One year,Yes,Credit card (automatic),55.53,2669.06,0.24579481756318847,0
C101123,Male,0,No,No,40,Yes,No,DSL,Yes,No,No,No,No,Yes,Month-to-month,No,Bank transfer (automatic),65.43,2604.05,0.32358772885401216,0
C101124,Female,0,No,No,7,No,No phone service,Fiber optic,No,No,No,Yes,No,No,Month-to-month,Yes,Credit card (automatic),63.58,451.55,0.7536548523927479,1
C101125,Female,0,No,Yes,18,Yes,No,Fiber optic,No,Yes,No,No,No,No,Month-to-month,Yes,Electronic check,75.57,1326.29,0.8948911390378869,1
C101126,Female,1,Yes,Yes,65,Yes,No,No,No internet service,No internet service,No internet service,No internet service,No internet service,No internet service,Month-to-month,Yes,Electronic check,29.3,1888.45,0.4046525783249172,0
C101127,Female,0,No,No,41,Yes,No,DSL,No,No,No,No,Yes,No,One year,Yes,Electronic check,60.76,2503.46,0.4979916314681382,0
C101128,Female,0,Yes,No,55,Yes,No,DSL,Yes,No,No,No,No,Yes,Month-to-month,No,Credit card (automatic),61.82,3417.91,0.277536914769569,0
C101129,Female,0,Yes,No,12,Yes,No,Fiber optic,No,No,Yes,No,No,No,Two year,Yes,Credit card (automatic),72.91,874.55,0.6558048025325511,1
C101130,Male,1,Yes,No,15,Yes,Yes,DSL,No,Yes,No,No,Yes,No,Month-to-month,Yes,Credit card (automatic),66.58,1002.7,0.8246665196988332,1
C101131,Female,0,No,No,67,Yes,No,Fiber optic,No,Yes,No,No,No,Yes,One year,Yes,Credit card (automatic),81.05,5437.51,0.26977820027990423,0
C101132,Female,0,No,No,30,Yes,No,DSL,No,No,No,No,No,Yes,Month-to-month,Yes,Bank transfer (automatic),60.33,1823.56,0.633633822385983,1
C101133,Female,0,Yes,Yes,63,No,No phone service,DSL,No,No,Yes,Yes,No,No,One year,Yes,Credit card (automatic),48.38,3043.77,0.20682439569777053,0
C101134,Female,0,No,Yes,58,Yes,No,Fiber optic,Yes,No,No,Yes,Yes,No,Two year,Yes,Electronic check,85.96,4966.16,0.44030822872770703,0
C101135,Male,0,No,No,24,No,No phone service,Fiber optic,No,No,No,No,No,No,Month-to-month,No,Credit card (automatic),56.36,1360.47,0.5991717830534818,1
C101136,Female,1,Yes,No,68,Yes,Yes,Fiber optic,Yes,No,No,No,No,No,Month-to-month,No,Credit card (automatic),75.39,5165.88,0.3932183890928253,0
C101137,Male,0,No,Yes,55,No,No phone service,DSL,No,No,No,No,Yes,Yes,Month-to-month,Yes,Mailed check,59.51,3254.59,0.5352718014617673,1
C101138,Female,0,Yes,Yes,9,Yes,No,DSL,Yes,Yes,No,Yes,Yes,Yes,Month-to-month,No,Electronic check,77.78,697.46,0.7098167167323158,1
C101139,Female,0,No,Yes,6,Yes,Yes,No,No internet service,No internet service,No internet service,No internet service,No internet service,No internet service,Two year,No,Electronic check,33.74,194.7,0.30070723278767114,0
C101140,Female,0,Yes,Yes,9,Yes,Yes,Fiber optic,Yes,Yes,No,Yes,Yes,No,One year,Yes,Credit card (automatic),92.73,882.85,0.5998154184554662,1
C101141,Male,0,Yes,Yes,53,Yes,No,DSL,No,No,Yes,Yes,No,No,One year,No,Bank transfer (automatic),63.25,3333.03,0.1356312231531169,0
C101142,Female,0,Yes,Yes,10,Yes,No,DSL,Yes,Yes,No,No,Yes,No,Month-to-month,Yes,Mailed check,67.55,672.31,0.7341180263114214,1
C101143,Female,0,Yes,No,20,Yes,Yes,No,No internet service,No internet service,No internet service,No internet service,No internet service,No internet service,Two year,Yes,Credit card (automatic),33.8,668.68,0.21857347264390023,0
C101144,Male,0,No,No,31,Yes,Yes,Fiber optic,No,Yes,Yes,No,Yes,No,One year,No,Mailed check,88.08,2705.38,0.4118526843303924,0
C101145,Male,1,No,No,9,Yes,No,DSL,Yes,No,No,Yes,No,No,Month-to-month,Yes,Electronic check,61.69,529.01,0.727298638254074,1
C101146,Female,0,Yes,No,23,Yes,No,DSL,No,Yes,No,No,No,No,Two year,No,Credit card (automatic),61.88,1434.52,0.3519024281979229,0
C101147,Female,0,No,No,48,Yes,No,DSL,Yes,No,Yes,No,No,Yes,Month-to-month,No,Mailed check,67.03,3231.82,0.29195136779497527,0
C101148,Female,0,No,No,69,Yes,Yes,DSL,No,No,No,No,No,No,Month-to-month,No,Mailed check,58.97,4057.85,0.3198868073952345,0
C101149,Female,0,No,No,33,Yes,No,DSL,No,No,No,No,No,Yes,Two year,Yes,Bank transfer (automatic),58.05,1943.75,0.42131035849751014,0
C101150,Male,0,No,No,53,Yes,No,DSL,No,No,Yes,No,Yes,Yes,Month-to-month,Yes,Mailed check,69.85,3657.16,0.521750385833796,1
C101151,Female,0,Yes,Yes,38,Yes,Yes,DSL,No,Yes,No,No,No,Yes,Month-to-month,Yes,Electronic check,64.8,2437.34,0.8139389405945215,1
C101152,Male,0,Yes,No,33,Yes,Yes,DSL,No,No,Yes,No,Yes,No,Month-to-month,Yes,Electronic check,66.68,2183.88,0.8176614412965069,1
C101153,Female,1,No,No,37,Yes,No,Fiber optic,No,No,Yes,Yes,Yes,No,Two year,No,Credit card (automatic),85.5,3163.23,0.4022013057776427,0
C101154,Male,0,No,No,69,Yes,No,Fiber optic,Yes,Yes,No,No,No,Yes,Month-to-month,Yes,Bank transfer (automatic),82.13,5657.72,0.41855213399093333,0
C101155,Female,0,No,Yes,4,Yes,Yes,Fiber optic,No,No,Yes,No,Yes,No,Month-to-month,Yes,Credit card (automatic),83.79,331.12,0.9091241024373445,1
C101156,Male,0,No,No,36,No,No phone service,DSL,No,Yes,No,No,Yes,No,Month-to-month,No,Bank transfer (automatic),56.11,2029.79,0.5238614966630816,1
C101157,Female,0,Yes,No,3,Yes,No,No,No internet service,No internet service,No internet service,No internet service,No internet service,No internet service,Month-to-month,Yes,Electronic check,36.77,139.44,0.5473326567332653,1
C101158,Male,0,No,No,63,Yes,No,No,No internet service,No internet service,No internet service,No internet service,No internet service,No internet service,Month-to-month,No,Mailed check,32.32,2052.32,0.10089260325302911,0
C101159,Male,1,Yes,Yes,43,Yes,Yes,No,No internet service,No internet service,No internet service,No internet service,No internet service,No internet service,Two year,Yes,Mailed check,35.94,1546.59,0.18073471145710823,0
C101160,Female,0,Yes,No,3,Yes,No,DSL,No,No,No,Yes,No,No,One year,Yes,Bank transfer (automatic),56.58,168.13,0.4148974697650779,0
C101161,Male,1,No,No,44,Yes,No,DSL,Yes,No,No,Yes,No,Yes,Two year,Yes,Bank transfer (automatic),67.1,2974.6,0.23635303662827467,0
C101162,Female,0,Yes,Yes,31,Yes,No,Fiber optic,No,No,No,No,Yes,Yes,One year,Yes,Bank transfer (automatic),81.26,2556.67,0.5601138895763335,1
C101163,Female,0,No,No,3,No,No phone service,DSL,No,No,No,Yes,No,Yes,Month-to-month,No,Credit card (automatic),61.47,197.17,0.5303402969995119,1
C101164,Female,0,Yes,No,70,Yes,No,DSL,No,No,No,Yes,No,No,Month-to-month,Yes,Electronic check,67.19,4693.21,0.4728003777672272,0
C101165,Male,0,No,No,27,Yes,No,DSL,No,Yes,No,No,No,Yes,Month-to-month,Yes,Credit card (automatic),63.28,1713.78,0.6405079573394468,1
C101166,Male,0,No,Yes,1,Yes,No,Fiber optic,No,No,No,No,Yes,No,Month-to-month,No,Mailed check,74.53,86.14,0.7811487115175194,1
C101167,Male,0,No,No,44,Yes,No,Fiber optic,Yes,No,No,Yes,No,No,One year,Yes,Bank transfer (automatic),82.36,3612.73,0.20940167073910873,0
C101168,Female,0,No,No,27,Yes,No,DSL,No,No,No,Yes,No,Yes,Month-to-month,Yes,Electronic check,66.51,1813.01,0.7005319498660897,1
C101169,Female,1,Yes,Yes,47,Yes,No,No,No internet service,No internet service,No internet service,No internet service,No internet service,No internet service,One year,Yes,Electronic check,29.57,1395.08,0.22008047202775322,0
C101170,Female,0,Yes,Yes,11,Yes,No,Fiber optic,No,No,No,No,No,Yes,Month-to-month,No,Bank transfer (automatic),77.59,876.75,0.7398249995465409,1
C101171,Female,0,Yes,Yes,59,Yes,No,DSL,No,Yes,No,No,Yes,No,Month-to-month,No,Mailed check,71.79,4216.0,0.4211035603193728,0
C101172,Male,0,Yes,Yes,30,Yes,Yes,Fiber optic,No,Yes,Yes,No,No,No,Two year,Yes,Credit card (automatic),84.26,2493.01,0.6453286170499138,1
C101173,Male,0,No,No,30,No,No phone service,DSL,No,No,No,No,Yes,No,Month-to-month,Yes,Bank transfer (automatic),55.67,1662.33,0.656943472927061,1
C101174,Male,1,No,No,57,Yes,No,No,No internet service,No internet service,No internet service,No internet service,No internet service,No internet service,Month-to-month,No,Bank transfer (automatic),25.39,1447.69,0.16122712922028587,0
C101175,Male,0,Yes,Yes,39,Yes,No,Fiber optic,Yes,Yes,No,Yes,No,No,Month-to-month,No,Mailed check,87.69,3383.77,0.37955982672194366,0
C101176,Male,0,Yes,No,0,Yes,No,Fiber optic,No,No,Yes,No,No,No,Month-to-month,Yes,Credit card (automatic),71.63,0.0,0.835127277233828,1
C101177,Male,0,No,Yes,41,Yes,No,Fiber optic,Yes,No,No,No,Yes,No,Month-to-month,No,Credit card (automatic),85.19,3518.51,0.5005033701646883,1
C101178,Male,0,No,No,46,No,No phone service,DSL,No,No,No,No,Yes,No,Two year,Yes,Electronic check,54.39,2512.76,0.5225931755704725,1
C101179,Male,0,Yes,No,22,Yes,Yes,No,No internet service,No internet service,No internet service,No internet service,No internet service,No internet service,Two year,Yes,Bank transfer (automatic),34.51,761.97,0.20133185265381218,0
C101180,Female,0,No,No,13,Yes,Yes,No,No internet service,No internet service,No internet service,No internet service,No internet service,No internet service,One year,No,Credit card (automatic),31.14,383.74,0.1121079218804453,0
C101181,Female,0,No,No,3,Yes,Yes,Fiber optic,Yes,Yes,Yes,No,No,No,One year,No,Electronic check,84.79,279.38,0.6335970085188458,1
C101182,Female,0,No,No,60,Yes,Yes,Fiber optic,No,Yes,No,Yes,No,No,Month-to-month,Yes,Electronic check,81.99,4911.22,0.7016790922517965,1
C101183,Male,0,Yes,Yes,0,Yes,No,DSL,No,No,No,Yes,No,Yes,Two year,No,Credit card (automatic),68.91,0.0,0.3792302834900518,0
C101184,Male,0,No,Yes,42,Yes,No,DSL,Yes,No,No,No,No,No,Month-to-month,Yes,Mailed check,61.01,2570.56,0.4517569549616413,0
C101185,Male,1,Yes,No,60,Yes,Yes,DSL,Yes,No,Yes,Yes,Yes,Yes,Month-to-month,No,Credit card (automatic),88.55,5316.43,0.2810407860661312,0
C101186,Male,0,Yes,Yes,25,No,No phone service,Fiber optic,No,No,No,No,No,No,Two year,Yes,Mailed check,64.03,1630.51,0.5408290570574495,1
C101187,Female,0,No,No,14,Yes,No,Fiber optic,Yes,No,No,No,No,Yes,Month-to-month,No,Bank transfer (automatic),78.89,1115.91,0.6073282546190308,1
C101188,Female,0,No,Yes,51,Yes,No,No,No internet service,No internet service,No internet service,No internet service,No internet service,No internet service,Month-to-month,Yes,Mailed check,31.19,1597.35,0.24296529756927965,0
C101189,Male,0,Yes,No,45,Yes,No,DSL,No,No,No,Yes,Yes,No,One year,Yes,Mailed check,68.16,3065.36,0.21870228543112308,0
C101190,Male,1,No,No,1,Yes,Yes,DSL,No,No,No,No,Yes,No,Month-to-month,No,Credit card (automatic),63.76,72.4,0.7571539753850205,1
C101191,Male,0,Yes,No,41,Yes,No,DSL,Yes,No,No,No,No,No,Month-to-month,Yes,Bank transfer (automatic),62.35,2552.33,0.45523609045963687,0
C101192,Male,0,No,No,0,Yes,Yes,No,No internet service,No internet service,No internet service,No internet service,No internet service,No internet service,Month-to-month,Yes,Credit card (automatic),34.23,0.0,0.4359118409802661,0
C101193,Female,0,No,Yes,28,Yes,Yes,Fiber optic,No,No,No,No,Yes,No,One year,No,Electronic check,77.56,2164.95,0.6334129428070943,1
C101194,Female,0,No,Yes,21,Yes,Yes,Fiber optic,Yes,No,No,Yes,Yes,Yes,Month-to-month,Yes,Credit card (automatic),95.64,1998.55,0.7520080774781808,1
C101195,Female,0,No,No,60,Yes,No,Fiber optic,Yes,No,No,Yes,No,Yes,Month-to-month,No,Bank transfer (automatic),86.13,5149.3,0.26076819694062026,0
C101196,Female,0,No,No,70,Yes,Yes,Fiber optic,Yes,No,No,Yes,No,No,Month-to-month,Yes,Electronic check,82.18,5747.26,0.525951531699659,1
C101197,Female,0,No,No,50,Yes,No,DSL,No,No,No,Yes,No,No,Month-to-month,Yes,Mailed check,60.79,3032.6,0.4149297297454101,0
C101198,Female,0,No,No,52,Yes,Yes,DSL,No,No,Yes,No,Yes,No,Month-to-month,Yes,Electronic check,64.76,3403.99,0.7674862204073423,1
C101199,Female,0,No,No,1,Yes,Yes,DSL,Yes,Yes,No,No,No,No,Month-to-month,Yes,Electronic check,68.18,88.03,0.8470433120222679,1
C101200,Female,0,Yes,Yes,4,Yes,No,DSL,No,No,Yes,Yes,No,No,Month-to-month,Yes,Credit card (automatic),68.51,271.36,0.726670797703797,1
C101201,Male,0,No,No,55,Yes,No,Fiber optic,No,No,Yes,No,No,No,Month-to-month,Yes,Credit card (automatic),74.13,4068.47,0.5822825213311364,1
C101202,Female,0,Yes,No,30,Yes,Yes,DSL,No,No,No,Yes,No,No,Month-to-month,Yes,Electronic check,66.37,2003.28,0.7332264816126527,1
C101203,Female,0,No,No,36,Yes,No,Fiber optic,No,No,No,No,Yes,Yes,Month-to-month,Yes,Electronic check,82.39,3004.83,0.840380262627638,1
C101204,Female,0,Yes,No,49,Yes,Yes,Fiber optic,No,No,No,No,No,No,Two year,No,Electronic check,70.44,3467.72,0.5023180683483145,1
C101205,Female,0,Yes,No,24,Yes,No,Fiber optic,No,No,No,No,No,No,Month-to-month,Yes,Credit card (automatic),75.02,1766.02,0.7490592016691965,1
C101206,Female,0,No,No,49,Yes,Yes,No,No internet service,No internet service,No internet service,No internet service,No internet service,No internet service,Month-to-month,Yes,Bank transfer (automatic),26.94,1337.52,0.3008914589702406,0
C101207,Female,0,Yes,No,52,Yes,No,DSL,Yes,No,No,Yes,No,No,Month-to-month,Yes,Bank transfer (automatic),66.03,3454.15,0.34603619111936273,0
C101208,Male,0,Yes,Yes,17,Yes,No,Fiber optic,No,Yes,Yes,No,No,Yes,One year,No,Bank transfer (automatic),82.08,1439.32,0.46024509719646556,0
C101209,Female,0,No,No,49,Yes,Yes,DSL,Yes,No,Yes,No,Yes,No,Month-to-month,Yes,Credit card (automatic),76.95,3765.79,0.5451393840702754,1
C101210,Female,1,Yes,No,12,Yes,Yes,Fiber optic,No,No,No,Yes,No,Yes,One year,No,Electronic check,85.54,1029.25,0.6006824029210287,1
C101211,Female,0,Yes,No,22,Yes,No,Fiber optic,No,No,Yes,Yes,No,No,One year,Yes,Electronic check,86.39,1909.56,0.5825322997841825,1
C101212,Male,0,No,Yes,56,Yes,No,DSL,Yes,Yes,Yes,No,No,No,Month-to-month,No,Bank transfer (automatic),68.09,3797.76,0.3220290462159137,0
C101213,Female,0,Yes,No,70,Yes,No,DSL,Yes,Yes,No,Yes,Yes,No,Month-to-month,Yes,Credit card (automatic),74.1,5169.76,0.3215152199094981,0
C101214,Male,0,Yes,No,4,Yes,No,Fiber optic,No,No,Yes,No,Yes,No,Two year,Yes,Bank transfer (automatic),75.72,310.88,0.7391218250973355,1
C101215,Male,0,Yes,Yes,46,Yes,Yes,Fiber optic,No,Yes,No,Yes,Yes,No,Month-to-month,Yes,Credit card (automatic),91.77,4190.4,0.7006693498677886,1
C101216,Female,0,Yes,Yes,41,Yes,No,Fiber optic,No,Yes,Yes,Yes,Yes,No,Month-to-month,No,Credit card (automatic),87.91,3578.1,0.5995502933531469,1
C101217,Female,0,Yes,Yes,43,Yes,Yes,Fiber optic,No,No,No,No,Yes,No,Month-to-month,Yes,Electronic check,77.95,3368.18,0.8716478623156968,1
C101218,Female,0,Yes,No,56,Yes,No,Fiber optic,Yes,No,No,No,Yes,No,Month-to-month,No,Bank transfer (automatic),84.07,4717.89,0.41247142873963516,0
C101219,Male,0,No,No,5,Yes,Yes,Fiber optic,Yes,No,No,Yes,Yes,No,One year,Yes,Credit card (automatic),92.63,488.16,0.5215434275421488,1
C101220,Female,0,No,Yes,53,Yes,No,DSL,No,No,Yes,Yes,Yes,Yes,Month-to-month,Yes,Electronic check,75.48,4009.49,0.6739132134750909,1
C101221,Female,1,Yes,No,20,Yes,Yes,Fiber optic,No,No,Yes,No,No,Yes,Month-to-month,No,Bank transfer (automatic),81.86,1637.51,0.7665531219859446,1
C101222,Female,0,Yes,No,11,Yes,No,Fiber optic,No,No,Yes,No,No,Yes,One year,Yes,Electronic check,75.61,857.49,0.7217905245249788,1
C101223,Female,0,No,No,32,Yes,No,Fiber optic,Yes,No,Yes,No,Yes,No,Two year,No,Credit card (automatic),79.86,2547.1,0.3743355264832066,0
C101224,Male,0,No,No,1,Yes,No,Fiber optic,Yes,Yes,No,Yes,No,No,Month-to-month,No,Electronic check,86.91,80.24,0.7359184704323708,1
C101225,Female,0,Yes,No,45,Yes,No,Fiber optic,No,No,Yes,No,No,No,One year,Yes,Mailed check,76.19,3427.04,0.3566079920886331,0
C101226,Male,0,No,No,40,Yes,No,No,No internet service,No internet service,No internet service,No internet service,No internet service,No internet service,Month-to-month,Yes,Bank transfer (automatic),30.89,1244.73,0.25303640820939144,0
C101227,Female,0,Yes,Yes,36,Yes,No,No,No internet service,No internet service,No internet service,No internet service,No internet service,No internet service,One year,Yes,Bank transfer (automatic),30.47,1095.52,0.13224238235675737,0
C101228,Male,0,No,No,2,Yes,Yes,DSL,No,No,Yes,Yes,Yes,No,Month-to-month,No,Electronic check,72.23,114.77,0.7863926214671741,1
C101229,Male,1,No,No,54,Yes,No,No,No internet service,No internet service,No internet service,No internet service,No internet service,No internet service,Month-to-month,Yes,Electronic check,33.67,1812.87,0.36684104786723,0
C101230,Female,0,No,No,2,Yes,No,DSL,No,Yes,Yes,Yes,No,No,Two year,No,Credit card (automatic),64.54,128.45,0.40365733155860867,0
C101231,Female,0,Yes,No,18,No,No phone service,Fiber optic,Yes,No,No,Yes,Yes,No,One year,Yes,Credit card (automatic),75.83,1367.21,0.4055206570711739,0
C101232,Female,0,Yes,No,28,Yes,No,DSL,No,No,No,Yes,No,No,Month-to-month,No,Bank transfer (automatic),61.4,1710.26,0.4283380821601966,0
C101233,Female,0,Yes,No,50,Yes,No,Fiber optic,No,No,No,No,Yes,No,Two year,No,Electronic check,76.0,3810.06,0.4963523836705661,0
C101234,Female,0,Yes,Yes,29,Yes,No,No,No internet service,No internet service,No internet service,No internet service,No internet service,No internet service,Month-to-month,Yes,Bank transfer (automatic),29.99,837.64,0.3524672928874317,0
C101235,Male,0,Yes,No,58,Yes,No,DSL,No,No,No,Yes,No,Yes,One year,No,Bank transfer (automatic),65.7,3819.02,0.09831372617213992,0
C101236,Male,0,No,Yes,67,Yes,No,Fiber optic,No,Yes,No,No,Yes,No,One year,No,Mailed check,81.35,5486.46,0.20313362528571952,0
C101237,Male,0,Yes,Yes,55,Yes,No,Fiber optic,No,No,Yes,No,Yes,No,Two year,Yes,Electronic check,76.96,4220.75,0.6374971257181207,1
C101238,Male,0,No,Yes,2,Yes,No,DSL,No,No,No,Yes,No,Yes,Month-to-month,Yes,Electronic check,66.64,134.43,0.8102613755709345,1
C101239,Male,0,Yes,Yes,55,Yes,No,No,No internet service,No internet service,No internet service,No internet service,No internet service,No internet service,One year,Yes,Electronic check,31.08,1704.45,0.15037460101797442,0
C101240,Female,1,Yes,No,14,Yes,No,Fiber optic,No,Yes,No,No,Yes,No,One year,Yes,Bank transfer (automatic),79.17,1103.76,0.6989211205910213,1
C101241,Female,0,No,No,63,Yes,No,No,No internet service,No internet service,No internet service,No internet service,No internet service,No internet service,Month-to-month,Yes,Electronic check,30.01,1870.18,0.3206734554079683,0
C101242,Female,0,No,No,70,Yes,No,Fiber optic,No,Yes,No,No,No,No,Two year,Yes,Bank transfer (automatic),74.54,5257.55,0.3481096254118135,0
C101243,Male,1,Yes,Yes,6,Yes,No,DSL,No,Yes,Yes,Yes,Yes,No,Month-to-month,Yes,Bank transfer (automatic),70.6,431.3,0.8176602169038286,1
C101244,Female,1,No,No,7,Yes,No,DSL,Yes,No,No,Yes,No,No,Month-to-month,Yes,Bank transfer (automatic),61.83,419.41,0.6376374617795076,1
C101245,Female,0,Yes,No,50,Yes,No,DSL,No,Yes,No,No,No,Yes,One year,Yes,Bank transfer (automatic),65.33,3251.05,0.2863029389049229,0
C101246,Female,0,Yes,No,10,Yes,No,Fiber optic,Yes,Yes,Yes,No,No,No,Month-to-month,Yes,Bank transfer (automatic),81.48,816.02,0.7878452091285812,1
C101247,Male,0,No,No,69,Yes,No,DSL,Yes,No,No,No,No,Yes,Two year,Yes,Electronic check,64.63,4416.11,0.26296531407815116,0
C101248,Male,0,Yes,No,38,Yes,Yes,DSL,No,No,Yes,No,No,No,Month-to-month,Yes,Electronic check,63.42,2431.11,0.754616744175557,1
C101249,Female,0,No,Yes,41,Yes,No,Fiber optic,Yes,No,Yes,Yes,Yes,No,Month-to-month,Yes,Bank transfer (automatic),88.53,3619.37,0.6220885371615495,1
C101250,Male,0,Yes,No,61,Yes,No,DSL,No,No,Yes,No,No,No,One year,No,Mailed check,52.97,3238.76,0.1261679384347899,0
C101251,Male,0,No,No,15,Yes,No,Fiber optic,No,Yes,No,Yes,No,No,Two year,Yes,Mailed check,84.14,1270.85,0.5169081226574088,1
C101252,Male,1,No,Yes,40,Yes,No,Fiber optic,Yes,No,Yes,Yes,No,Yes,One year,No,Mailed check,94.02,3780.29,0.1738289282162419,0
C101253,Female,0,Yes,No,71,Yes,Yes,DSL,Yes,No,No,No,No,No,Month-to-month,No,Electronic check,65.99,4695.35,0.3738647889103382,0
C101254,Female,0,Yes,No,1,Yes,Yes,DSL,Yes,Yes,No,Yes,No,No,Month-to-month,Yes,Electronic check,70.2,85.06,0.8059451884571898,1
C101255,Male,0,Yes,No,12,Yes,No,DSL,Yes,No,No,No,No,No,One year,No,Bank transfer (automatic),59.81,738.06,0.21694813817572745,0
C101256,Male,1,No,No,10,Yes,No,Fiber optic,Yes,No,No,Yes,Yes,Yes,Two year,Yes,Bank transfer (automatic),89.83,891.68,0.5872940721233828,1
C101257,Female,1,No,No,24,Yes,No,DSL,Yes,Yes,Yes,No,No,Yes,One year,No,Bank transfer (automatic),73.85,1815.43,0.26155602648343745,0
C101258,Female,0,No,No,9,Yes,Yes,Fiber optic,Yes,Yes,No,No,Yes,No,One year,Yes,Electronic check,87.13,791.23,0.7618596382433381,1
C101259,Female,0,Yes,No,12,Yes,No,Fiber optic,No,Yes,No,No,No,No,Month-to-month,No,Credit card (automatic),71.3,855.1,0.7212502505643158,1
C101260,Male,0,Yes,No,61,Yes,No,DSL,Yes,No,No,No,No,Yes,Month-to-month,Yes,Mailed check,67.26,4085.93,0.31246401709713917,0
C101261,Female,0,No,No,33,Yes,No,No,No internet service,No internet service,No internet service,No internet service,No internet service,No internet service,Month-to-month,No,Bank transfer (automatic),29.35,964.51,0.19552161190450826,0
C101262,Male,0,Yes,Yes,25,Yes,Yes,No,No internet service,No internet service,No internet service,No internet service,No internet service,No internet service,Month-to-month,Yes,Mailed check,37.31,940.71,0.35024180333277843,0
C101263,Female,0,No,No,30,Yes,No,DSL,Yes,Yes,Yes,Yes,Yes,No,Month-to-month,No,Mailed check,80.21,2408.34,0.3881984996158817,0
C101264,Male,0,Yes,No,69,Yes,No,No,No internet service,No internet service,No internet service,No internet service,No internet service,No internet service,One year,No,Credit card (automatic),23.63,1667.04,0.038474520594048114,0
C101265,Male,0,Yes,No,35,Yes,No,DSL,Yes,No,No,No,Yes,No,Month-to-month,No,Electronic check,61.47,2143.64,0.5593439644489152,1
C101266,Male,0,No,No,33,Yes,No,Fiber optic,Yes,Yes,No,No,No,No,Month-to-month,Yes,Electronic check,84.24,2793.48,0.7483158835510022,1
C101267,Male,0,No,No,66,Yes,No,DSL,Yes,No,No,No,Yes,No,Two year,Yes,Electronic check,65.1,4274.25,0.32910308748816064,0
C101268,Female,0,No,No,2,Yes,No,Fiber optic,Yes,No,No,Yes,Yes,No,Month-to-month,No,Credit card (automatic),87.6,218.86,0.6525293970946159,1
C101269,Male,0,Yes,Yes,34,Yes,No,Fiber optic,No,Yes,Yes,Yes,Yes,No,One year,Yes,Credit card (automatic),90.02,3036.95,0.4674969603940954,0
C101270,Male,0,No,Yes,53,Yes,No,No,No internet service,No internet service,No internet service,No internet service,No internet service,No internet service,Two year,Yes,Bank transfer (automatic),33.54,1819.15,0.12234747248243183,0
C101271,Male,0,No,No,37,Yes,No,No,No internet service,No internet service,No internet service,No internet service,No internet service,No internet service,Two year,No,Mailed check,25.23,930.89,0.07375854806332713,0
C101272,Female,0,No,No,62,No,No phone service,DSL,No,Yes,Yes,No,No,Yes,Two year,No,Electronic check,62.32,3819.34,0.31038516958337337,0
C101273,Female,0,No,Yes,63,Yes,No,Fiber optic,Yes,No,Yes,No,Yes,Yes,Two year,Yes,Credit card (automatic),94.15,5958.55,0.33651850467765937,0
C101274,Female,1,No,Yes,24,Yes,No,DSL,Yes,Yes,No,No,No,No,Month-to-month,Yes,Electronic check,64.02,1538.02,0.7964094034971626,1
C101275,Female,0,No,Yes,58,Yes,No,DSL,No,Yes,Yes,No,Yes,Yes,One year,No,Electronic check,76.03,4400.86,0.3366626383495659,0
C101276,Female,1,Yes,No,17,Yes,No,DSL,No,No,Yes,No,Yes,Yes,Two year,Yes,Credit card (automatic),70.07,1204.08,0.6270006002247466,1
C101277,Female,1,Yes,No,17,Yes,No,No,No internet service,No internet service,No internet service,No internet service,No internet service,No internet service,Month-to-month,No,Electronic check,25.79,451.67,0.4107312573916342,0
C101278,Male,0,No,No,70,Yes,Yes,Fiber optic,Yes,No,Yes,No,Yes,Yes,One year,No,Credit card (automatic),95.45,6689.84,0.13840552806511192,0
C101279,Female,0,Yes,Yes,0,Yes,No,DSL,No,No,Yes,No,Yes,No,Month-to-month,Yes,Credit card (automatic),65.62,0.0,0.8387972463087998,1
C101280,Female,0,Yes,Yes,25,Yes,No,No,No internet service,No internet service,No internet service,No internet service,No internet service,No internet service,One year,No,Credit card (automatic),30.67,771.76,0.08911206283553814,0
C101281,Female,0,No,Yes,45,Yes,No,Fiber optic,No,No,No,Yes,No,No,Month-to-month,No,Bank transfer (automatic),77.21,3487.25,0.4772907694336917,0
C101282,Male,0,Yes,No,29,Yes,No,DSL,No,No,No,No,Yes,No,One year,Yes,Mailed check,59.49,1714.75,0.3610373364126915,0
C101283,Female,0,No,Yes,60,Yes,Yes,Fiber optic,No,No,No,No,No,No,Month-to-month,Yes,Bank transfer (automatic),76.73,4619.3,0.6590105247299792,1
C101284,Male,1,No,No,18,Yes,No,Fiber optic,No,Yes,No,Yes,No,No,Month-to-month,No,Credit card (automatic),80.02,1430.02,0.6404366867144777,1
C101285,Male,0,Yes,No,39,Yes,No,Fiber optic,No,No,No,Yes,Yes,No,Month-to-month,Yes,Bank transfer (automatic),83.35,3228.33,0.6456247228450873,1
C101286,Female,0,No,No,9,No,No phone service,Fiber optic,No,No,No,No,Yes,No,One year,No,Credit card (automatic),65.32,583.75,0.48304265546507147,0
C101287,Male,0,Yes,No,15,No,No phone service,Fiber optic,No,No,No,No,No,Yes,Two year,Yes,Credit card (automatic),68.63,1023.87,0.5830921672311464,1
C101288,Male,0,No,Yes,12,Yes,Yes,DSL,No,No,No,Yes,No,No,Month-to-month,Yes,Bank transfer (automatic),64.26,789.67,0.7069106552779463,1
C101289,Female,0,No,Yes,53,Yes,No,Fiber optic,Yes,No,No,Yes,No,Yes,Month-to-month,No,Credit card (automatic),86.79,4570.66,0.3202196449508374,0
C101290,Male,0,Yes,No,14,Yes,No,DSL,Yes,No,No,Yes,No,No,One year,Yes,Electronic check,69.02,988.13,0.37468650186806585,0
C101291,Female,0,Yes,No,48,Yes,No,DSL,No,No,No,No,Yes,No,One year,Yes,Credit card (automatic),56.69,2708.8,0.32717993503616527,0
C101292,Male,0,Yes,No,24,Yes,Yes,DSL,No,Yes,No,No,No,Yes,Month-to-month,Yes,Credit card (automatic),67.3,1565.9,0.7066564828248063,1
C101293,Male,0,Yes,No,40,Yes,No,Fiber optic,No,Yes,No,No,No,Yes,One year,No,Electronic check,78.47,3114.59,0.40939198599706633,0
C101294,Female,0,Yes,No,62,Yes,Yes,Fiber optic,Yes,No,No,No,Yes,No,Two year,No,Bank transfer (automatic),84.93,5259.8,0.25189041506157306,0
C101295,Female,0,No,No,62,Yes,No,Fiber optic,No,No,Yes,Yes,No,No,Month-to-month,Yes,Bank transfer (automatic),80.79,5017.83,0.4887907051087474,0
C101296,Male,1,Yes,No,0,Yes,Yes,DSL,Yes,No,No,Yes,No,No,Month-to-month,No,Credit card (automatic),68.97,0.0,0.5561128485569394,1
C101297,Female,0,No,Yes,56,Yes,No,No,No internet service,No internet service,No internet service,No internet service,No internet service,No internet service,Month-to-month,No,Electronic check,28.21,1555.85,0.26369844733545456,0
C101298,Female,0,Yes,Yes,68,Yes,Yes,DSL,No,No,No,No,No,Yes,Two year,Yes,Bank transfer (automatic),63.94,4332.34,0.33409446913254937,0
C101299,Male,0,No,Yes,48,Yes,No,Fiber optic,No,No,No,No,No,No,Two year,Yes,Bank transfer (automatic),70.81,3374.95,0.45967545952062333,0
C101300,Female,0,Yes,No,13,Yes,No,DSL,Yes,No,Yes,No,Yes,No,Month-to-month,No,Mailed check,69.55,909.38,0.5384714249699388,1
C101301,Male,0,Yes,No,47,No,No phone service,Fiber optic,No,Yes,No,Yes,No,No,Two year,Yes,Credit card (automatic),72.77,3418.32,0.3559618303753932,0
C101302,Female,0,No,Yes,45,No,No phone service,Fiber optic,Yes,No,Yes,No,No,No,Month-to-month,Yes,Bank transfer (automatic),70.53,3186.13,0.6167610864777491,1
C101303,Female,1,Yes,Yes,47,Yes,No,Fiber optic,Yes,No,No,Yes,No,No,One year,Yes,Mailed check,81.05,3773.83,0.261371836223478,0
C101304,Female,0,No,No,30,Yes,No,Fiber optic,No,Yes,No,No,No,Yes,One year,Yes,Credit card (automatic),74.13,2213.37,0.4876348010332255,0
C101305,Female,0,Yes,No,37,Yes,Yes,Fiber optic,Yes,No,No,No,No,No,Two year,Yes,Electronic check,77.45,2906.38,0.6073242278167871,1
C101306,Male,0,No,Yes,46,Yes,Yes,Fiber optic,No,Yes,No,No,No,Yes,One year,Yes,Electronic check,84.58,3903.28,0.596085319089075,1
C101307,Male,0,No,No,33,Yes,No,Fiber optic,No,Yes,Yes,No,Yes,Yes,Month-to-month,Yes,Electronic check,89.3,2941.03,0.8596586225061509,1
C101308,Male,0,No,No,55,Yes,No,No,No internet service,No internet service,No internet service,No internet service,No internet service,No internet service,Month-to-month,No,Credit card (automatic),30.76,1671.95,0.12674481744414481,0
C101309,Female,0,Yes,No,51,Yes,No,No,No internet service,No internet service,No internet service,No internet service,No internet service,No internet service,Month-to-month,Yes,Credit card (automatic),29.44,1523.52,0.23701625167901197,0
C101310,Female,0,Yes,No,21,Yes,Yes,Fiber optic,Yes,No,No,No,No,No,Two year,Yes,Bank transfer (automatic),78.58,1680.86,0.5610600413121752,1
C101311,Male,0,Yes,Yes,43,Yes,No,Fiber optic,No,No,Yes,No,No,No,Month-to-month,Yes,Electronic check,77.5,3309.64,0.7986214656941011,1
C101312,Female,0,Yes,Yes,54,Yes,No,No,No internet service,No internet service,No internet service,No internet service,No internet service,No internet service,Month-to-month,Yes,Mailed check,31.97,1705.13,0.23569515712052722,0
C101313,Female,0,Yes,No,35,Yes,No,No,No internet service,No internet service,No internet service,No internet service,No internet service,No internet service,Month-to-month,No,Bank transfer (automatic),26.76,942.21,0.1946470674308047,0
C101314,Female,0,No,Yes,51,Yes,No,DSL,No,No,No,No,Yes,No,Month-to-month,Yes,Bank transfer (automatic),56.85,2907.05,0.6381453447667114,1
C101315,Male,0,No,No,9,Yes,No,No,No internet service,No internet service,No internet service,No internet service,No internet service,No internet service,Month-to-month,No,Electronic check,31.11,289.61,0.3567773317952789,0
C101316,Female,0,No,Yes,27,Yes,No,Fiber optic,No,Yes,No,No,Yes,Yes,Month-to-month,Yes,Electronic check,88.92,2437.7,0.8961011713609065,1
C101317,Female,0,Yes,No,50,Yes,No,Fiber optic,No,No,Yes,No,Yes,Yes,Month-to-month,No,Credit card (automatic),81.85,4072.99,0.5599581456413262,1
C101318,Male,0,Yes,No,64,Yes,Yes,Fiber optic,No,No,No,No,No,Yes,Month-to-month,No,Bank transfer (automatic),78.48,5023.23,0.4336653076922271,0
C101319,Male,1,No,No,46,Yes,No,DSL,No,No,No,No,Yes,No,Month-to-month,Yes,Electronic check,66.93,3093.34,0.7485609662200843,1
C101320,Male,0,Yes,No,47,Yes,No,Fiber optic,Yes,Yes,Yes,No,No,Yes,Two year,No,Credit card (automatic),88.33,4165.64,0.2355198411427861,0
C101321,Male,0,Yes,No,24,Yes,No,Fiber optic,Yes,Yes,No,No,No,No,One year,No,Mailed check,85.31,2034.6,0.24589106996165408,0
C101322,Female,0,Yes,Yes,50,Yes,No,DSL,No,No,Yes,Yes,No,No,One year,No,Bank transfer (automatic),62.94,3134.88,0.15804966548373714,0
C101323,Female,0,No,No,25,Yes,No,Fiber optic,Yes,No,Yes,No,Yes,No,Two year,No,Electronic check,83.38,2075.38,0.5635636654555887,1
C101324,Female,0,No,Yes,3,Yes,Yes,DSL,No,Yes,No,No,No,No,Month-to-month,No,Credit card (automatic),60.24,214.8,0.7335932931529213,1
C101325,Male,0,Yes,No,17,Yes,No,Fiber optic,No,Yes,No,Yes,No,No,One year,Yes,Electronic check,76.8,1286.07,0.6082781403531557,1
C101326,Female,0,No,No,44,Yes,No,Fiber optic,Yes,No,No,Yes,No,No,Month-to-month,Yes,Credit card (automatic),76.77,3371.47,0.4840370386648785,0
C101327,Male,1,Yes,Yes,69,Yes,No,Fiber optic,No,No,No,Yes,Yes,No,Month-to-month,No,Bank transfer (automatic),81.45,5635.34,0.42090497631142126,0
C101328,Female,0,Yes,Yes,35,Yes,No,DSL,Yes,No,No,No,No,No,Month-to-month,No,Electronic check,60.36,2090.9,0.5600623947715765,1
C101329,Male,1,No,No,61,No,No phone service,DSL,Yes,No,No,Yes,No,Yes,Two year,Yes,Electronic check,60.21,3677.85,0.27329910281636105,0
C101330,Male,0,Yes,Yes,56,Yes,Yes,DSL,No,No,Yes,No,No,No,Month-to-month,Yes,Credit card (automatic),60.81,3367.34,0.5795422591803193,1
C101331,Female,0,No,No,40,No,No phone service,Fiber optic,No,No,Yes,Yes,No,Yes,Month-to-month,Yes,Electronic check,79.62,3188.46,0.7339337434769904,1
C101332,Male,0,Yes,Yes,57,Yes,No,No,No internet service,No internet service,No internet service,No internet service,No internet service,No internet service,Two year,Yes,Electronic check,32.43,1849.52,0.1918960038654638,0
C101333,Female,0,Yes,No,28,Yes,No,Fiber optic,No,No,No,Yes,No,No,Month-to-month,Yes,Bank transfer (automatic),75.35,2113.16,0.6771437333328056,1
C101334,Female,0,No,No,31,Yes,No,Fiber optic,Yes,Yes,Yes,Yes,No,No,One year,Yes,Electronic check,90.07,2774.94,0.46425341103321704,0
C101335,Female,0,Yes,No,53,Yes,No,DSL,No,No,No,Yes,Yes,No,One year,No,Bank transfer (automatic),62.91,3338.73,0.1539646123882287,0
C101336,Female,0,No,Yes,45,Yes,No,DSL,No,No,Yes,No,No,Yes,Month-to-month,Yes,Bank transfer (automatic),65.67,2954.55,0.6084596786535649,1
C101337,Male,0,Yes,No,37,Yes,No,No,No internet service,No internet service,No internet service,No internet service,No internet service,No internet service,Month-to-month,No,Electronic check,29.84,1130.21,0.26520032140196514,0
C101338,Female,0,No,No,31,Yes,No,Fiber optic,No,No,No,No,No,Yes,Month-to-month,Yes,Mailed check,75.06,2339.76,0.6952681368269964,1
C101339,Male,0,Yes,No,70,Yes,No,DSL,Yes,Yes,Yes,No,No,No,One year,No,Electronic check,68.08,4736.76,0.1429031181634344,0
C101340,Female,0,Yes,No,4,Yes,Yes,Fiber optic,No,No,No,No,No,Yes,Two year,Yes,Credit card (automatic),78.68,298.06,0.7305663706534037,1
C101341,Male,1,No,No,3,Yes,No,Fiber optic,No,No,No,Yes,No,No,Two year,Yes,Electronic check,72.72,205.82,0.7646867221520042,1
C101342,Male,0,Yes,No,34,Yes,No,DSL,No,No,Yes,No,No,No,Month-to-month,No,Bank transfer (automatic),63.2,2152.39,0.46016700683134487,0
C101343,Female,0,Yes,No,2,Yes,No,DSL,Yes,No,No,No,No,No,Month-to-month,No,Bank transfer (automatic),62.38,121.37,0.5484995077252331,1
C101344,Male,0,No,No,24,Yes,No,Fiber optic,No,No,No,No,No,No,One year,Yes,Credit card (automatic),69.03,1653.27,0.45934512922706283,0
C101345,Female,1,No,No,40,Yes,Yes,DSL,No,Yes,No,No,No,No,One year,Yes,Electronic check,57.6,2360.3,0.5832533533353295,1
C101346,Female,0,No,Yes,29,Yes,No,Fiber optic,No,Yes,No,Yes,No,Yes,Month-to-month,No,Electronic check,79.86,2305.66,0.7330814202188204,1
C101347,Female,0,No,No,14,Yes,Yes,Fiber optic,No,No,Yes,Yes,No,No,Month-to-month,Yes,Bank transfer (automatic),88.01,1259.98,0.7922476928502975,1
C101348,Female,1,No,No,20,Yes,No,No,No internet service,No internet service,No internet service,No internet service,No internet service,No internet service,Month-to-month,Yes,Bank transfer (automatic),29.57,588.37,0.3942797977562016,0
C101349,Female,1,No,No,43,No,No phone service,DSL,Yes,Yes,Yes,Yes,No,No,Month-to-month,No,Credit card (automatic),65.91,2790.45,0.33388123082658083,0
C101350,Male,0,No,No,68,Yes,No,DSL,No,No,Yes,No,Yes,Yes,One year,No,Electronic check,68.63,4670.54,0.22361532892311145,0
C101351,Male,0,Yes,No,56,Yes,No,Fiber optic,No,No,Yes,No,No,No,Two year,Yes,Credit card (automatic),73.23,4123.35,0.3797458483302977,0
C101352,Male,0,Yes,No,39,Yes,Yes,DSL,No,No,No,No,No,No,Month-to-month,No,Electronic check,57.36,2249.68,0.6209795160462446,1
C101353,Female,0,No,No,9,Yes,No,No,No internet service,No internet service,No internet service,No internet service,No internet service,No internet service,Month-to-month,Yes,Bank transfer (automatic),30.6,280.56,0.3834469243567369,0
C101354,Male,0,No,No,17,Yes,Yes,Fiber optic,No,No,No,Yes,No,Yes,Month-to-month,No,Bank transfer (automatic),85.22,1449.29,0.6295587097429199,1
C101355,Male,0,Yes,No,31,Yes,No,Fiber optic,No,No,No,No,No,No,Month-to-month,No,Electronic check,67.69,2088.63,0.7113266557976962,1
C101356,Male,0,Yes,No,17,Yes,No,Fiber optic,Yes,No,No,No,No,Yes,Month-to-month,Yes,Credit card (automatic),78.67,1355.29,0.686155214546049,1
C101357,Male,0,Yes,Yes,49,No,No phone service,DSL,No,Yes,No,Yes,No,No,Month-to-month,No,Bank transfer (automatic),54.8,2676.33,0.3636323327998903,0
C101358,Male,0,No,No,26,Yes,No,Fiber optic,No,Yes,Yes,Yes,No,Yes,Month-to-month,No,Electronic check,85.61,2213.16,0.7032715927790882,1
C101359,Male,0,No,No,60,Yes,No,No,No internet service,No internet service,No internet service,No internet service,No internet service,No internet service,One year,Yes,Electronic check,27.94,1684.75,0.12410834739095145,0
C101360,Male,1,Yes,No,19,Yes,No,DSL,Yes,No,Yes,No,No,No,One year,No,Credit card (automatic),63.61,1202.68,0.2338101933174725,0
C101361,Male,0,No,No,35,Yes,No,DSL,No,No,No,No,No,No,One year,No,Credit card (automatic),55.99,1985.4,0.19232370383399805,0
C101362,Male,0,No,No,51,Yes,No,No,No internet service,No internet service,No internet service,No internet service,No internet service,No internet service,Month-to-month,Yes,Electronic check,33.76,1731.03,0.3285991917472508,0
C101363,Male,0,No,No,14,Yes,No,Fiber optic,Yes,No,No,Yes,No,Yes,Month-to-month,Yes,Electronic check,85.81,1185.76,0.7589800898308243,1
C101364,Female,0,Yes,No,54,Yes,Yes,DSL,No,No,Yes,Yes,No,Yes,Month-to-month,Yes,Bank transfer (automatic),74.09,3977.98,0.4879497005405244,0
C101365,Male,0,No,No,42,No,No phone service,DSL,No,No,No,Yes,Yes,No,Month-to-month,No,Mailed check,52.33,2186.45,0.3576308168586609,0
C101366,Male,0,No,Yes,46,Yes,No,Fiber optic,No,Yes,Yes,No,Yes,No,Month-to-month,Yes,Electronic check,84.84,3949.26,0.8384709164084071,1
C101367,Male,1,No,No,32,Yes,No,Fiber optic,No,Yes,No,No,No,No,Month-to-month,Yes,Mailed check,71.73,2290.5,0.7398598223581437,1
C101368,Female,0,Yes,No,67,Yes,Yes,Fiber optic,Yes,No,No,Yes,No,No,Two year,Yes,Bank transfer (automatic),83.23,5591.54,0.22961409510111147,0
C101369,Female,1,No,No,55,Yes,No,DSL,No,No,Yes,No,No,Yes,Two year,Yes,Electronic check,66.19,3614.32,0.5070515763602441,1
C101370,Female,1,No,No,13,Yes,No,DSL,No,No,No,No,No,No,One year,Yes,Mailed check,56.29,710.16,0.4516232475763314,0
C101371,Male,1,Yes,No,40,Yes,No,Fiber optic,Yes,No,No,Yes,No,No,One year,Yes,Electronic check,77.37,3090.86,0.4012303003490484,0
C101372,Male,0,Yes,Yes,65,Yes,No,No,No internet service,No internet service,No internet service,No internet service,No internet service,No internet service,One year,Yes,Electronic check,32.0,2114.34,0.1291724279469448,0
C101373,Male,1,No,Yes,20,No,No phone service,Fiber optic,Yes,No,No,Yes,Yes,No,One year,No,Credit card (automatic),76.9,1512.24,0.32222159274984524,0
C101374,Female,0,No,No,38,Yes,No,Fiber optic,No,No,No,Yes,Yes,No,One year,Yes,Electronic check,85.17,3223.79,0.5319194797903802,1
C101375,Female,0,Yes,Yes,54,Yes,Yes,Fiber optic,No,Yes,No,Yes,No,No,Month-to-month,Yes,Electronic check,86.65,4697.35,0.7553733470700872,1
C101376,Female,0,Yes,No,19,Yes,Yes,DSL,Yes,Yes,Yes,No,Yes,No,Two year,Yes,Credit card (automatic),81.02,1571.14,0.5522923515146875,1
C101377,Female,0,Yes,No,37,Yes,Yes,DSL,Yes,Yes,Yes,No,No,No,One year,No,Credit card (automatic),67.44,2503.99,0.20973465419952766,0
C101378,Female,0,No,Yes,39,Yes,No,DSL,Yes,Yes,No,No,No,Yes,Month-to-month,Yes,Credit card (automatic),71.01,2782.74,0.5447155242286609,1
C101379,Female,0,No,No,12,Yes,No,DSL,No,Yes,No,Yes,No,No,Month-to-month,Yes,Electronic check,61.06,714.74,0.789020586797633,1
C101380,Female,0,Yes,No,12,Yes,No,No,No internet service,No internet service,No internet service,No internet service,No internet service,No internet service,Two year,No,Bank transfer (automatic),33.25,372.59,0.13063704690986785,0
C101381,Male,0,Yes,No,40,Yes,Yes,DSL,No,No,Yes,No,No,Yes,Two year,Yes,Bank transfer (automatic),71.61,2841.46,0.4173205206573982,0
C101382,Male,1,Yes,No,12,Yes,No,Fiber optic,No,Yes,No,Yes,No,No,Month-to-month,Yes,Credit card (automatic),82.45,971.87,0.7853488521049152,1
C101383,Female,0,No,No,68,Yes,No,DSL,No,Yes,No,Yes,No,Yes,Month-to-month,Yes,Electronic check,69.94,4760.33,0.5126657420610189,1
C101384,Male,0,No,Yes,37,Yes,No,Fiber optic,Yes,Yes,Yes,Yes,No,No,Month-to-month,No,Mailed check,90.36,3318.95,0.4045295669777326,0
C101385,Male,0,No,Yes,50,Yes,No,DSL,No,Yes,Yes,No,No,Yes,Month-to-month,Yes,Electronic check,67.62,3385.98,0.7129560324839167,1
C101386,Female,0,Yes,No,28,Yes,No,DSL,No,Yes,No,No,No,Yes,Month-to-month,No,Bank transfer (automatic),65.03,1814.66,0.5378284838659045,1
C101387,Male,0,Yes,No,21,Yes,No,DSL,No,Yes,Yes,No,Yes,Yes,Month-to-month,No,Electronic check,74.77,1558.91,0.7481264089760327,1
C101388,Female,0,Yes,No,35,Yes,No,Fiber optic,No,Yes,No,No,No,No,Month-to-month,No,Bank transfer (automatic),69.0,2432.85,0.6189593176850928,1
C101389,Female,0,No,No,51,Yes,Yes,Fiber optic,No,No,No,Yes,No,Yes,Month-to-month,Yes,Bank transfer (automatic),82.98,4212.61,0.594005031872127,1
C101390,Male,0,No,Yes,28,Yes,No,Fiber optic,No,Yes,Yes,No,No,No,One year,No,Credit card (automatic),83.68,2371.67,0.37413433051982903,0
C101391,Female,0,No,No,20,Yes,No,No,No internet service,No internet service,No internet service,No internet service,No internet service,No internet service,Month-to-month,Yes,Credit card (automatic),29.78,612.28,0.332920682820162,0
C101392,Female,0,Yes,No,10,Yes,No,Fiber optic,Yes,Yes,No,No,Yes,No,Month-to-month,Yes,Bank transfer (automatic),85.4,834.2,0.8184764828112212,1
C101393,Female,1,No,No,39,Yes,No,No,No internet service,No internet service,No internet service,No internet service,No internet service,No internet service,Month-to-month,Yes,Electronic check,29.98,1193.2,0.45871161882047384,0
C101394,Male,0,Yes,No,48,Yes,Yes,DSL,Yes,No,Yes,No,No,No,Two year,Yes,Credit card (automatic),65.97,3144.57,0.28959550359669595,0
C101395,Female,1,No,Yes,37,Yes,No,DSL,No,Yes,No,No,No,No,Month-to-month,No,Electronic check,59.09,2212.2,0.7122555759501791,1
C101396,Female,0,No,Yes,18,Yes,No,Fiber optic,No,No,Yes,Yes,No,No,Month-to-month,No,Electronic check,78.98,1428.34,0.7685119629973968,1
C101397,Female,0,No,No,17,Yes,No,Fiber optic,Yes,No,No,No,No,No,Month-to-month,No,Mailed check,69.29,1146.39,0.5569904452456638,1
C101398,Male,0,No,No,27,Yes,No,Fiber optic,No,No,No,No,Yes,Yes,Month-to-month,No,Bank transfer (automatic),83.97,2241.16,0.6536831922727958,1
C101399,Male,1,Yes,No,25,No,No phone service,Fiber optic,No,No,No,Yes,No,No,Two year,No,Electronic check,70.03,1742.7,0.5123279755423962,1
C101400,Female,1,No,No,14,Yes,No,No,No internet service,No internet service,No internet service,No internet service,No internet service,No internet service,Month-to-month,No,Electronic check,27.09,396.61,0.41800801282111955,0
C101401,Male,0,Yes,Yes,67,Yes,No,DSL,No,No,Yes,Yes,No,No,Month-to-month,Yes,Electronic check,63.97,4282.43,0.5321723430282809,1
C101402,Male,0,No,No,23,Yes,No,Fiber optic,No,Yes,No,Yes,No,Yes,Month-to-month,Yes,Bank transfer (automatic),89.75,2060.33,0.6971561375630735,1
C101403,Male,0,Yes,Yes,18,Yes,No,Fiber optic,Yes,No,No,No,No,Yes,Month-to-month,Yes,Bank transfer (automatic),79.07,1424.09,0.7251124413085258,1
C101404,Male,0,Yes,Yes,43,Yes,Yes,Fiber optic,No,Yes,No,No,Yes,No,One year,No,Bank transfer (automatic),83.97,3570.78,0.4046135733616417,0
C101405,Male,1,Yes,No,57,Yes,No,DSL,No,No,No,Yes,No,No,One year,No,Mailed check,71.82,4110.07,0.09815788370712429,0
C101406,Male,0,Yes,No,33,Yes,No,DSL,No,Yes,No,Yes,No,Yes,Two year,No,Credit card (automatic),72.58,2421.96,0.21740825432082247,0
C101407,Female,0,No,No,48,Yes,No,DSL,No,No,No,No,No,No,Month-to-month,No,Mailed check,55.17,2664.05,0.37114367704641654,0
C101408,Male,0,Yes,Yes,6,Yes,No,Fiber optic,Yes,Yes,No,No,Yes,Yes,Month-to-month,Yes,Mailed check,93.2,550.76,0.8191421442613728,1
C101409,Male,0,Yes,No,38,Yes,No,Fiber optic,Yes,No,No,Yes,No,No,Two year,Yes,Bank transfer (automatic),82.94,3134.09,0.3031883914465037,0
C101410,Male,1,No,No,4,Yes,No,DSL,Yes,Yes,No,Yes,Yes,No,Month-to-month,Yes,Bank transfer (automatic),74.34,275.74,0.7163719923303533,1
C101411,Female,0,No,No,9,Yes,Yes,Fiber optic,No,No,No,No,Yes,No,Two year,No,Credit card (automatic),74.66,649.27,0.638704759611403,1
C101412,Male,0,Yes,No,42,Yes,No,Fiber optic,No,No,No,No,No,No,One year,Yes,Electronic check,71.48,3047.65,0.5083872945610012,1
C101413,Female,0,Yes,No,14,Yes,Yes,No,No internet service,No internet service,No internet service,No internet service,No internet service,No internet service,Month-to-month,Yes,Credit card (automatic),34.86,486.46,0.4095736069256302,0
C101414,Female,0,No,Yes,2,No,No phone service,Fiber optic,No,No,Yes,No,Yes,No,Two year,Yes,Mailed check,69.26,156.61,0.755398390585584,1
C101415,Female,0,No,No,12,Yes,No,Fiber optic,No,Yes,No,No,Yes,Yes,Month-to-month,No,Credit card (automatic),90.11,1098.35,0.767470951580159,1
C101416,Female,1,Yes,No,55,Yes,Yes,Fiber optic,Yes,Yes,No,No,No,Yes,One year,Yes,Bank transfer (automatic),91.61,5041.5,0.3408982066196012,0
C101417,Male,0,No,No,42,Yes,No,Fiber optic,No,No,No,Yes,No,No,Month-to-month,No,Mailed check,77.94,3254.69,0.3893398360625339,0
C101418,Female,0,Yes,No,27,Yes,No,Fiber optic,No,No,No,No,No,No,One year,Yes,Electronic check,69.3,1881.57,0.6239327819664696,1
C101419,Male,0,Yes,No,70,No,No phone service,DSL,Yes,No,No,No,No,No,Month-to-month,Yes,Mailed check,44.77,3112.44,0.3088099785253724,0
C101420,Female,0,No,No,27,Yes,No,No,No internet service,No internet service,No internet service,No internet service,No internet service,No internet service,Month-to-month,No,Mailed check,29.56,810.28,0.18571021137518334,0
C101421,Female,0,No,Yes,63,Yes,No,Fiber optic,No,No,Yes,No,No,No,Two year,Yes,Credit card (automatic),69.41,4352.06,0.4167389814375465,0
C101422,Female,0,No,No,24,Yes,No,Fiber optic,No,No,No,No,Yes,No,Month-to-month,No,Credit card (automatic),70.11,1673.85,0.6933656365846688,1
C101423,Female,0,Yes,No,1,Yes,No,Fiber optic,No,No,No,Yes,No,No,Month-to-month,No,Mailed check,77.62,68.86,0.6577439622861813,1
C101424,Male,0,Yes,No,7,Yes,No,Fiber optic,Yes,Yes,Yes,No,No,No,Month-to-month,Yes,Credit card (automatic),85.93,629.49,0.7708770180365779,1
C101425,Female,0,Yes,No,19,Yes,No,DSL,No,No,Yes,No,Yes,Yes,One year,No,Credit card (automatic),66.12,1207.66,0.3488384126115497,0
C101426,Female,0,Yes,Yes,13,Yes,No,DSL,No,No,No,Yes,No,No,Month-to-month,No,Credit card (automatic),60.36,831.28,0.5343534921741265,1
C101427,Female,0,Yes,No,11,Yes,No,DSL,No,Yes,No,No,No,No,One year,Yes,Mailed check,58.96,632.4,0.4442737684858554,0
C101428,Male,0,No,No,27,Yes,No,DSL,Yes,No,No,No,Yes,No,One year,Yes,Electronic check,65.27,1759.8,0.4478091299180207,0
C101429,Female,0,No,No,70,Yes,No,DSL,Yes,Yes,No,No,Yes,No,One year,Yes,Credit card (automatic),66.55,4667.03,0.17875982844131963,0
C101430,Male,0,No,No,14,Yes,No,Fiber optic,No,Yes,No,No,No,No,Two year,Yes,Bank transfer (automatic),77.33,1089.14,0.6373787905829498,1
C101431,Male,1,Yes,No,16,Yes,No,DSL,Yes,No,Yes,Yes,Yes,Yes,Two year,Yes,Mailed check,78.62,1274.84,0.40957669819905707,0
C101432,Male,0,Yes,No,71,Yes,No,Fiber optic,Yes,No,No,Yes,Yes,No,Month-to-month,No,Mailed check,82.13,5843.22,0.21939165992060392,0
C101433,Female,0,No,No,14,Yes,No,No,No internet service,No internet service,No internet service,No internet service,No internet service,No internet service,One year,No,Electronic check,26.56,412.63,0.1541473779581899,0
C101434,Male,0,Yes,Yes,59,Yes,No,DSL,No,Yes,No,Yes,No,Yes,Month-to-month,Yes,Electronic check,72.2,4274.63,0.5716953549114913,1
C101435,Male,0,No,No,44,Yes,No,Fiber optic,Yes,No,No,No,No,No,Month-to-month,No,Electronic check,74.33,3268.26,0.5466427342460983,1
C101436,Male,0,Yes,No,66,Yes,No,Fiber optic,No,Yes,No,No,No,No,Month-to-month,No,Bank transfer (automatic),72.07,4745.85,0.4124963327394753,0
C101437,Female,0,No,No,40,Yes,No,No,No internet service,No internet service,No internet service,No internet service,No internet service,No internet service,Month-to-month,No,Bank transfer (automatic),31.32,1241.19,0.1769673394860258,0
C101438,Male,0,No,No,42,Yes,No,Fiber optic,No,No,Yes,No,No,No,Month-to-month,No,Bank transfer (automatic),74.83,3168.79,0.5254744357364793,1
C101439,Female,0,No,No,16,Yes,No,DSL,No,No,No,Yes,No,No,Month-to-month,Yes,Electronic check,55.23,918.81,0.7509278900493374,1
C101440,Female,1,No,Yes,41,Yes,No,DSL,No,No,No,No,No,No,One year,Yes,Electronic check,56.29,2328.13,0.5295785971849377,1
C101441,Female,0,No,No,48,Yes,No,No,No internet service,No internet service,No internet service,No internet service,No internet service,No internet service,Two year,Yes,Mailed check,32.95,1518.46,0.1121233662812845,0
C101442,Female,1,Yes,No,71,Yes,No,DSL,No,No,Yes,No,Yes,No,Month-to-month,Yes,Electronic check,64.69,4548.19,0.687115753262644,1
C101443,Male,1,No,Yes,6,Yes,Yes,Fiber optic,Yes,No,Yes,No,Yes,Yes,Month-to-month,Yes,Credit card (automatic),93.41,560.33,0.8806479221327692,1
C101444,Male,1,No,Yes,11,Yes,Yes,DSL,Yes,No,Yes,No,Yes,No,Month-to-month,Yes,Mailed check,77.73,851.75,0.7754522169387746,1
C101445,Male,0,No,No,1,Yes,No,Fiber optic,No,Yes,No,No,No,Yes,Month-to-month,Yes,Mailed check,78.23,78.62,0.8256754961296596,1
C101446,Female,0,Yes,No,56,Yes,No,Fiber optic,Yes,Yes,No,Yes,No,No,Two year,Yes,Bank transfer (automatic),84.59,4761.84,0.25969479809924195,0
C101447,Female,0,Yes,No,5,Yes,Yes,DSL,No,No,No,Yes,No,No,Month-to-month,Yes,Bank transfer (automatic),64.83,348.18,0.7292073886747954,1
C101448,Female,0,No,Yes,65,Yes,No,DSL,No,No,No,Yes,Yes,No,Month-to-month,Yes,Electronic check,67.12,4366.37,0.6073245823172227,1
C101449,Male,1,No,No,26,Yes,No,DSL,Yes,Yes,Yes,Yes,No,No,Month-to-month,Yes,Bank transfer (automatic),73.32,1875.82,0.5551038396426298,1
C101450,Male,0,Yes,Yes,20,Yes,No,Fiber optic,Yes,No,No,No,Yes,Yes,Month-to-month,Yes,Electronic check,87.22,1719.88,0.8515789816573689,1
C101451,Male,0,Yes,No,70,No,No phone service,Fiber optic,No,No,No,Yes,Yes,No,Month-to-month,No,Mailed check,75.92,5315.91,0.2929612997548858,0
C101452,Male,0,Yes,No,51,Yes,No,DSL,No,No,Yes,Yes,No,No,Two year,No,Mailed check,67.02,3426.31,0.13885138864187838,0
C101453,Male,0,Yes,No,39,Yes,No,Fiber optic,Yes,No,No,Yes,No,No,One year,No,Bank transfer (automatic),80.81,3127.37,0.14809880706860856,0
C101454,Female,0,Yes,No,64,Yes,No,DSL,Yes,No,Yes,No,No,Yes,Month-to-month,No,Bank transfer (automatic),67.84,4354.98,0.2528231685128797,0
C101455,Male,0,Yes,No,54,Yes,No,Fiber optic,Yes,No,No,No,No,No,One year,No,Credit card (automatic),73.17,3916.27,0.1431974188462424,0
C101456,Female,1,Yes,Yes,45,Yes,Yes,Fiber optic,No,No,No,No,No,No,Two year,No,Bank transfer (automatic),75.38,3338.64,0.4701096553581432,0
C101457,Male,0,No,No,23,Yes,No,No,No internet service,No internet service,No internet service,No internet service,No internet service,No internet service,Month-to-month,Yes,Electronic check,26.02,580.88,0.44592289656017503,0
C101458,Male,0,Yes,No,70,Yes,No,No,No internet service,No internet service,No internet service,No internet service,No internet service,No internet service,One year,Yes,Bank transfer (automatic),36.01,2548.02,0.05897975860249384,0
C101459,Female,0,Yes,No,51,Yes,Yes,DSL,Yes,Yes,Yes,No,No,Yes,One year,No,Mailed check,76.92,3953.39,0.1403185059803877,0
C101460,Female,1,Yes,No,68,Yes,No,DSL,No,No,No,No,No,Yes,One year,No,Bank transfer (automatic),57.55,3881.75,0.1540225270391779,0
C101461,Male,0,Yes,No,69,Yes,Yes,No,No internet service,No internet service,No internet service,No internet service,No internet service,No internet service,Month-to-month,Yes,Mailed check,33.45,2278.02,0.18612581120087707,0
C101462,Male,0,No,No,39,Yes,No,DSL,Yes,No,No,No,No,No,One year,Yes,Mailed check,58.0,2277.15,0.19339668175330849,0
C101463,Male,0,No,Yes,25,Yes,No,DSL,No,No,Yes,No,Yes,Yes,Two year,Yes,Bank transfer (automatic),69.95,1740.0,0.5534552747720982,1
C101464,Female,1,Yes,Yes,68,Yes,No,DSL,No,No,No,No,No,No,One year,Yes,Bank transfer (automatic),51.22,3510.5,0.28367459696007463,0
C101465,Male,0,Yes,Yes,71,Yes,No,Fiber optic,Yes,No,No,No,No,Yes,Month-to-month,Yes,Credit card (automatic),80.4,5723.54,0.4075493493044417,0
C101466,Female,0,Yes,No,8,Yes,No,Fiber optic,No,No,No,Yes,Yes,Yes,Month-to-month,Yes,Bank transfer (automatic),82.69,679.88,0.8173604186705826,1
C101467,Male,1,Yes,No,45,Yes,No,No,No internet service,No internet service,No internet service,No internet service,No internet service,No internet service,One year,Yes,Mailed check,28.5,1266.08,0.0978814941901088,0
C101468,Female,0,Yes,No,43,Yes,Yes,DSL,No,Yes,Yes,No,No,No,One year,No,Electronic check,63.93,2757.94,0.38834028352018896,0
C101469,Male,0,Yes,No,53,Yes,No,DSL,No,No,No,No,No,Yes,Two year,No,Electronic check,59.74,3206.77,0.29982805012715513,0
C101470,Female,0,Yes,Yes,70,Yes,No,DSL,No,No,Yes,Yes,Yes,Yes,Month-to-month,No,Electronic check,75.09,5259.11,0.44389712398111963,0
C101471,Female,0,No,No,18,Yes,Yes,Fiber optic,No,Yes,Yes,No,No,Yes,Month-to-month,Yes,Electronic check,87.08,1566.63,0.9066169144552754,1
C101472,Male,0,Yes,Yes,70,Yes,Yes,DSL,Yes,No,Yes,No,Yes,Yes,One year,Yes,Electronic check,81.22,5676.69,0.3043152305898052,0
C101473,Male,0,Yes,No,46,Yes,No,No,No internet service,No internet service,No internet service,No internet service,No internet service,No internet service,One year,No,Bank transfer (automatic),30.9,1389.43,0.05299613999893893,0
C101474,Female,0,No,No,5,Yes,Yes,Fiber optic,No,No,Yes,No,No,No,Month-to-month,Yes,Electronic check,80.25,379.26,0.9209333068463711,1
C101475,Male,0,Yes,No,36,Yes,No,Fiber optic,No,No,Yes,No,No,No,One year,No,Electronic check,72.75,2601.3,0.42284226680827397,0
C101476,Male,0,Yes,Yes,9,Yes,Yes,Fiber optic,No,No,No,No,Yes,No,Month-to-month,Yes,Mailed check,79.81,685.42,0.8696039009507984,1
C101477,Male,0,Yes,Yes,68,Yes,No,Fiber optic,Yes,No,No,No,Yes,Yes,Month-to-month,Yes,Credit card (automatic),87.91,5947.03,0.4749226275035242,0
C101478,Male,0,Yes,No,54,Yes,No,Fiber optic,Yes,No,Yes,No,No,Yes,Month-to-month,Yes,Electronic check,87.88,4696.51,0.6260691761351946,1
C101479,Male,1,Yes,Yes,65,Yes,No,DSL,Yes,No,Yes,Yes,No,No,Month-to-month,Yes,Credit card (automatic),68.17,4415.65,0.34577157757055094,0
C101480,Male,0,No,No,43,Yes,No,Fiber optic,Yes,No,No,Yes,No,Yes,One year,Yes,Credit card (automatic),88.97,3839.3,0.2001060433115846,0
C101481,Male,0,No,No,28,Yes,Yes,Fiber optic,No,Yes,No,No,No,Yes,Month-to-month,Yes,Credit card (automatic),80.86,2257.66,0.7751880749696712,1
C101482,Male,0,Yes,No,30,Yes,No,Fiber optic,No,Yes,Yes,No,Yes,Yes,Two year,Yes,Bank transfer (automatic),88.58,2651.02,0.627563892051413,1
C101483,Male,0,Yes,Yes,68,Yes,No,DSL,Yes,No,No,No,No,No,Month-to-month,Yes,Credit card (automatic),59.1,4034.36,0.35403897814666824,0
C101484,Male,0,No,No,10,Yes,No,No,No internet service,No internet service,No internet service,No internet service,No internet service,No internet service,One year,No,Mailed check,31.13,345.11,0.07679749627117553,0
C101485,Female,0,No,No,63,Yes,No,No,No internet service,No internet service,No internet service,No internet service,No internet service,No internet service,Month-to-month,Yes,Bank transfer (automatic),27.28,1764.26,0.21408015005560802,0
C101486,Male,0,Yes,No,30,No,No phone service,Fiber optic,Yes,No,Yes,No,No,No,Month-to-month,No,Electronic check,66.63,2001.82,0.639613433227347,1
C101487,Male,0,Yes,No,42,Yes,No,No,No internet service,No internet service,No internet service,No internet service,No internet service,No internet service,Month-to-month,No,Electronic check,28.39,1186.63,0.2532747979320136,0
C101488,Male,0,Yes,Yes,48,Yes,No,Fiber optic,Yes,No,No,Yes,No,Yes,Two year,Yes,Credit card (automatic),87.12,4173.55,0.27283167880831866,0
C101489,Female,0,No,No,5,Yes,Yes,DSL,Yes,Yes,No,No,No,Yes,Two year,Yes,Bank transfer (automatic),70.66,365.12,0.564272573895536,1
C101490,Male,0,Yes,No,10,Yes,No,Fiber optic,No,Yes,Yes,No,No,No,Month-to-month,Yes,Electronic check,78.66,783.47,0.8943702852483546,1
C101491,Male,1,Yes,No,11,Yes,Yes,DSL,Yes,No,No,No,No,Yes,Month-to-month,Yes,Electronic check,68.11,746.11,0.8153223233252404,1
C101492,Male,0,Yes,No,56,Yes,No,Fiber optic,No,Yes,No,Yes,No,No,Month-to-month,No,Mailed check,81.64,4570.38,0.33772967617807587,0
C101493,Male,0,Yes,No,5,Yes,No,Fiber optic,No,No,Yes,No,Yes,No,Month-to-month,No,Credit card (automatic),80.16,381.94,0.7712178981837611,1
C101494,Male,0,No,No,43,Yes,No,DSL,No,Yes,Yes,No,Yes,Yes,Month-to-month,Yes,Credit card (automatic),79.38,3366.71,0.6191628086127697,1
C101495,Male,0,No,No,7,Yes,Yes,DSL,No,No,No,No,No,No,Two year,Yes,Electronic check,58.3,394.74,0.7096193006834025,1
C101496,Female,0,No,No,55,Yes,Yes,Fiber optic,No,No,Yes,Yes,No,No,One year,No,Electronic check,79.95,4426.62,0.3127631105154424,0
C101497,Female,0,Yes,No,70,No,No phone service,Fiber optic,No,Yes,Yes,Yes,No,No,Month-to-month,Yes,Electronic check,73.47,5170.98,0.6203882306041545,1
C101498,Male,0,Yes,Yes,29,Yes,Yes,No,No internet service,No internet service,No internet service,No internet service,No internet service,No internet service,Two year,Yes,Bank transfer (automatic),33.05,977.33,0.20997380622079645,0
C101499,Female,0,No,No,15,Yes,No,DSL,Yes,No,No,Yes,Yes,No,One year,Yes,Bank transfer (automatic),69.73,1036.05,0.3286449568657551,0
C101500,Female,0,No,No,32,Yes,No,Fiber optic,No,Yes,No,No,Yes,No,Month-to-month,Yes,Bank transfer (automatic),83.79,2665.56,0.7877791097570473,1
C101501,Male,0,Yes,Yes,49,Yes,No,DSL,Yes,No,No,No,No,No,Two year,Yes,Bank transfer (automatic),59.23,2934.52,0.2731225927701429,0
C101502,Male,0,Yes,No,52,Yes,No,DSL,No,No,No,No,No,No,Month-to-month,No,Electronic check,53.39,2754.53,0.5088909338857637,1
C101503,Male,0,No,No,45,Yes,Yes,Fiber optic,No,No,No,No,Yes,Yes,Month-to-month,No,Electronic check,85.45,3846.21,0.7259935230178242,1
C101504,Female,1,No,No,41,Yes,Yes,Fiber optic,No,No,No,Yes,Yes,Yes,Month-to-month,Yes,Electronic check,88.73,3671.9,0.8380073562643331,1
C101505,Male,0,No,No,45,Yes,No,Fiber optic,Yes,Yes,No,Yes,No,Yes,Month-to-month,No,Bank transfer (automatic),93.42,4206.19,0.33233089308105423,0
C101506,Female,1,No,Yes,15,Yes,No,DSL,Yes,Yes,Yes,No,Yes,No,Month-to-month,Yes,Bank transfer (automatic),75.91,1132.83,0.789501805540198,1
C101507,Male,0,Yes,Yes,14,Yes,No,DSL,Yes,No,Yes,No,No,No,Two year,Yes,Credit card (automatic),64.33,923.77,0.44305322282546217,0
C101508,Female,0,Yes,No,67,Yes,No,Fiber optic,No,No,Yes,No,No,No,Month-to-month,No,Electronic check,75.48,5058.53,0.5515571700641068,1
C101509,Female,0,Yes,No,41,Yes,No,DSL,No,No,No,No,Yes,No,Month-to-month,No,Credit card (automatic),59.75,2453.71,0.4954018309326551,0
C101510,Male,0,No,No,62,Yes,No,DSL,No,No,No,No,No,No,Two year,No,Electronic check,51.24,3207.37,0.27456927876927495,0
C101511,Male,1,No,No,45,No,No phone service,DSL,No,No,No,No,Yes,No,Two year,Yes,Electronic check,50.19,2207.47,0.5913623072524596,1
C101512,Female,0,Yes,Yes,32,Yes,No,DSL,Yes,No,No,No,Yes,No,Two year,Yes,Electronic check,64.75,2079.06,0.5771704371063501,1
C101513,Male,0,No,Yes,41,Yes,No,Fiber optic,No,Yes,No,Yes,No,Yes,Two year,No,Electronic check,80.91,3301.93,0.44647096810489173,0
C101514,Male,0,Yes,No,49,Yes,No,DSL,No,No,Yes,Yes,No,No,Two year,Yes,Electronic check,62.36,3051.27,0.3902211749785416,0
C101515,Female,1,Yes,Yes,13,Yes,No,Fiber optic,No,No,No,No,Yes,No,Two year,No,Electronic check,72.92,950.27,0.7765564669682865,1
C101516,Male,0,Yes,No,33,No,No phone service,Fiber optic,No,No,No,No,Yes,No,Month-to-month,No,Bank transfer (automatic),63.37,2077.55,0.627579372613731,1
C101517,Male,0,No,No,52,Yes,Yes,Fiber optic,No,No,No,Yes,Yes,No,Month-to-month,Yes,Credit card (automatic),88.33,4597.9,0.5996242277333012,1
C101518,Male,1,No,No,6,Yes,No,Fiber optic,Yes,No,No,Yes,No,Yes,Month-to-month,No,Bank transfer (automatic),88.28,537.39,0.6031413916668168,1
C101519,Male,1,No,No,5,Yes,No,Fiber optic,No,No,Yes,No,No,No,Month-to-month,No,Credit card (automatic),76.41,386.13,0.7570690103475035,1
C101520,Female,0,No,Yes,11,Yes,No,Fiber optic,No,No,No,Yes,No,No,Month-to-month,No,Bank transfer (automatic),77.27,852.24,0.6725658575522239,1
C101521,Female,0,No,Yes,42,Yes,Yes,DSL,No,No,No,No,Yes,No,Month-to-month,Yes,Credit card (automatic),66.71,2799.36,0.7038228186793569,1
C101522,Male,1,No,Yes,17,Yes,No,Fiber optic,Yes,No,No,No,No,No,Month-to-month,Yes,Electronic check,75.07,1274.19,0.8532232866158338,1
C101523,Male,0,No,No,31,Yes,No,DSL,No,No,No,No,No,No,Month-to-month,Yes,Credit card (automatic),58.79,1824.05,0.5882148562012578,1
C101524,Female,0,Yes,No,9,Yes,No,Fiber optic,No,Yes,No,Yes,Yes,No,Month-to-month,Yes,Mailed check,82.92,727.45,0.8093931922080592,1
C101525,Male,0,No,No,18,Yes,No,Fiber optic,Yes,No,Yes,No,No,Yes,Month-to-month,No,Mailed check,84.83,1552.35,0.5333986682103349,1
C101526,Male,0,No,Yes,1,Yes,No,DSL,No,Yes,No,No,No,No,One year,No,Bank transfer (automatic),56.44,54.62,0.40290652725992554,0
C101527,Male,0,No,No,58,Yes,No,DSL,No,Yes,Yes,Yes,No,Yes,Month-to-month,Yes,Electronic check,78.1,4521.98,0.5411166817427983,1
C101528,Male,0,Yes,Yes,33,Yes,No,DSL,No,No,Yes,No,No,Yes,Month-to-month,No,Electronic check,66.05,2187.55,0.6449829261492217,1
C101529,Female,0,No,No,12,Yes,No,DSL,Yes,Yes,Yes,Yes,Yes,No,Month-to-month,No,Mailed check,82.97,993.31,0.49411589768093594,0
C101530,Male,0,No,No,37,Yes,No,Fiber optic,No,No,No,No,No,No,One year,No,Credit card (automatic),66.49,2485.03,0.2669389236696141,0
C101531,Male,0,Yes,Yes,67,Yes,No,DSL,No,No,No,No,No,No,Two year,Yes,Credit card (automatic),53.49,3601.99,0.27554453825438885,0
C101532,Female,0,No,No,59,Yes,Yes,Fiber optic,No,No,No,No,No,No,Month-to-month,Yes,Electronic check,68.54,4045.73,0.7643838253524472,1
C101533,Male,0,Yes,Yes,63,Yes,No,No,No internet service,No internet service,No internet service,No internet service,No internet service,No internet service,Two year,Yes,Electronic check,30.9,1965.68,0.1793691688814719,0
C101534,Female,0,Yes,No,29,Yes,No,DSL,No,No,Yes,No,No,No,Two year,No,Bank transfer (automatic),57.93,1684.67,0.32633552326669796,0
C101535,Male,0,Yes,No,25,Yes,No,DSL,No,No,Yes,No,Yes,No,Two year,Yes,Mailed check,66.89,1649.14,0.476114199968342,0
C101536,Male,0,No,No,22,Yes,No,Fiber optic,No,No,No,No,No,No,Two year,Yes,Electronic check,70.08,1559.54,0.6964411145920343,1
C101537,Male,0,No,No,21,Yes,No,No,No internet service,No internet service,No internet service,No internet service,No internet service,No internet service,Month-to-month,No,Mailed check,24.67,480.16,0.1870614856801219,0
C101538,Female,1,Yes,No,66,Yes,No,DSL,No,Yes,No,No,No,No,Month-to-month,No,Bank transfer (automatic),54.85,3549.7,0.41341474870796596,0
C101539,Female,0,No,Yes,9,Yes,No,DSL,No,No,Yes,Yes,No,No,Month-to-month,No,Electronic check,65.21,600.81,0.7123851939788876,1
C101540,Male,0,Yes,No,61,Yes,No,No,No internet service,No internet service,No internet service,No internet service,No internet service,No internet service,Month-to-month,No,Electronic check,31.16,1909.89,0.1965775381409301,0
C101541,Male,0,Yes,No,65,Yes,No,Fiber optic,No,No,No,No,No,No,Month-to-month,Yes,Electronic check,64.46,4197.39,0.6793285341801688,1
C101542,Male,0,No,Yes,60,Yes,No,DSL,Yes,No,Yes,No,No,No,Two year,No,Bank transfer (automatic),63.79,3855.27,0.14810421147703473,0
C101543,Female,1,No,No,45,Yes,No,No,No internet service,No internet service,No internet service,No internet service,No internet service,No internet service,Month-to-month,No,Electronic check,27.46,1235.05,0.3092406811227785,0
C101544,Male,1,No,No,61,Yes,No,No,No internet service,No internet service,No internet service,No internet service,No internet service,No internet service,Month-to-month,No,Bank transfer (automatic),27.22,1653.13,0.15090426946794455,0
C101545,Female,0,No,No,2,Yes,Yes,Fiber optic,No,No,No,No,No,No,Two year,Yes,Credit card (automatic),71.36,158.66,0.7338667170913947,1
C101546,Female,0,No,Yes,58,Yes,No,DSL,Yes,No,No,No,No,No,Month-to-month,Yes,Electronic check,60.31,3483.63,0.578625166967507,1
C101547,Female,0,Yes,No,36,Yes,No,Fiber optic,No,Yes,No,Yes,Yes,No,Month-to-month,Yes,Electronic check,84.23,3027.65,0.8159245953269008,1
C101548,Male,0,Yes,No,69,Yes,No,DSL,Yes,Yes,No,Yes,No,No,Month-to-month,No,Electronic check,65.03,4492.44,0.27575217086164705,0
C101549,Male,0,Yes,Yes,6,Yes,Yes,Fiber optic,No,No,No,Yes,No,No,Month-to-month,Yes,Credit card (automatic),79.29,482.39,0.8160029157421944,1
C101550,Male,1,No,Yes,66,Yes,No,DSL,No,No,Yes,No,No,Yes,Month-to-month,Yes,Bank transfer (automatic),64.12,4225.47,0.5256572587380962,1
C101551,Female,0,No,No,41,Yes,No,Fiber optic,No,No,Yes,Yes,No,Yes,Month-to-month,No,Credit card (automatic),83.65,3420.02,0.46383810741399056,0
C101552,Female,0,No,No,7,Yes,No,Fiber optic,No,No,No,Yes,No,No,One year,No,Credit card (automatic),75.23,504.21,0.3676907746974715,0
C101553,Female,0,Yes,No,36,Yes,No,No,No internet service,No internet service,No internet service,No internet service,No internet service,No internet service,Month-to-month,No,Credit card (automatic),29.13,1032.95,0.1832888857872663,0
C101554,Male,0,Yes,Yes,2,Yes,No,Fiber optic,Yes,No,No,No,Yes,Yes,One year,No,Credit card (automatic),87.11,210.6,0.46428149061464996,0
C101555,Male,0,No,No,5,Yes,Yes,DSL,Yes,No,No,No,No,No,Month-to-month,Yes,Electronic check,62.38,306.59,0.799026744718275,1
C101556,Female,0,No,No,38,Yes,No,DSL,No,Yes,Yes,No,No,Yes,Month-to-month,Yes,Bank transfer (automatic),69.41,2641.5,0.6328294873839291,1
C101557,Female,0,Yes,No,58,No,No phone service,Fiber optic,No,No,Yes,Yes,No,Yes,Month-to-month,No,Credit card (automatic),75.88,4371.13,0.36577825418238225,0
C101558,Female,0,Yes,No,7,Yes,Yes,DSL,No,Yes,No,Yes,No,No,Two year,No,Bank transfer (automatic),70.05,541.61,0.42372746545826545,0
C101559,Female,0,Yes,Yes,18,Yes,Yes,DSL,No,No,No,No,No,No,One year,Yes,Credit card (automatic),61.96,1098.08,0.496461296611328,0
C101560,Male,0,Yes,Yes,28,Yes,Yes,Fiber optic,Yes,No,Yes,Yes,No,No,Month-to-month,Yes,Credit card (automatic),87.96,2439.44,0.6549129779901962,1
C101561,Male,1,Yes,No,38,Yes,Yes,DSL,Yes,Yes,Yes,No,Yes,Yes,One year,Yes,Bank transfer (automatic),81.45,3093.72,0.3956855185841949,0
C101562,Male,0,Yes,No,0,Yes,No,DSL,No,Yes,No,No,No,Yes,Month-to-month,Yes,Bank transfer (automatic),61.41,0.0,0.7712378911470728,1
C101563,Female,0,No,Yes,46,Yes,No,Fiber optic,No,No,No,Yes,No,Yes,Two year,Yes,Bank transfer (automatic),83.62,3853.63,0.40333333995433557,0
C101564,Female,0,Yes,No,35,Yes,No,No,No internet service,No internet service,No internet service,No internet service,No internet service,No internet service,Two year,Yes,Electronic check,27.74,940.8,0.2503621542835533,0
C101565,Male,0,Yes,No,69,Yes,No,Fiber optic,No,No,No,No,No,Yes,Month-to-month,Yes,Electronic check,81.87,5671.69,0.6152991179244437,1
C101566,Female,0,Yes,No,21,Yes,No,DSL,No,Yes,No,No,No,Yes,Month-to-month,Yes,Bank transfer (automatic),71.95,1529.7,0.6984211970304268,1
C101567,Female,0,No,No,35,Yes,No,Fiber optic,No,No,Yes,Yes,No,No,Month-to-month,No,Credit card (automatic),79.47,2778.99,0.5023069765664155,1
C101568,Female,0,Yes,No,5,Yes,No,No,No internet service,No internet service,No internet service,No internet service,No internet service,No internet service,One year,Yes,Credit card (automatic),25.84,96.08,0.1694615391554614,0
C101569,Female,1,Yes,No,66,Yes,No,DSL,No,No,Yes,No,Yes,Yes,Month-to-month,Yes,Electronic check,72.63,4777.63,0.6937966050707638,1
C101570,Male,0,Yes,No,60,Yes,No,Fiber optic,No,No,No,No,No,No,Month-to-month,Yes,Credit card (automatic),75.25,4516.07,0.5320687144453844,1
C101571,Male,0,No,No,25,No,No phone service,Fiber optic,Yes,No,Yes,Yes,No,No,Two year,No,Electronic check,71.72,1768.77,0.3873752258804257,0
C101572,Female,0,No,No,33,Yes,No,Fiber optic,No,No,Yes,No,Yes,Yes,Month-to-month,Yes,Bank transfer (automatic),90.75,2973.63,0.7702404792118435,1
C101573,Female,1,Yes,Yes,61,No,No phone service,DSL,No,No,Yes,No,No,No,Two year,No,Credit card (automatic),44.38,2728.01,0.2723917816702651,0
C101574,Male,1,Yes,No,21,Yes,No,No,No internet service,No internet service,No internet service,No internet service,No internet service,No internet service,Month-to-month,Yes,Credit card (automatic),26.36,556.75,0.3582941673216259,0
C101575,Male,0,Yes,Yes,16,Yes,No,DSL,Yes,No,Yes,No,Yes,No,Two year,No,Bank transfer (automatic),70.77,1134.83,0.371202441833174,0
C101576,Female,0,No,No,17,Yes,Yes,DSL,No,No,No,No,No,No,Two year,Yes,Bank transfer (automatic),60.54,1039.76,0.5548996477942487,1
C101577,Female,0,No,Yes,50,Yes,No,DSL,No,No,Yes,No,Yes,No,Month-to-month,No,Mailed check,64.83,3238.42,0.4700860012666824,0
C101578,Male,0,Yes,No,15,Yes,No,Fiber optic,No,Yes,No,No,Yes,No,Month-to-month,No,Bank transfer (automatic),81.12,1215.66,0.7445320614635061,1
C101579,Female,0,Yes,Yes,6,Yes,No,DSL,Yes,No,No,No,No,No,Month-to-month,Yes,Electronic check,62.76,385.69,0.8034092965368728,1
C101580,Male,0,No,No,11,Yes,No,Fiber optic,Yes,No,Yes,No,No,No,One year,Yes,Electronic check,82.05,918.73,0.6066646780631771,1
C101581,Male,0,No,No,70,Yes,Yes,Fiber optic,No,Yes,No,Yes,Yes,No,Month-to-month,Yes,Credit card (automatic),87.44,6131.06,0.5230786808257035,1
C101582,Female,0,Yes,Yes,62,Yes,No,DSL,Yes,No,No,Yes,No,No,Two year,Yes,Electronic check,63.84,3987.37,0.2861602006208938,0
C101583,Male,0,Yes,No,68,Yes,No,Fiber optic,Yes,No,No,Yes,Yes,No,One year,No,Bank transfer (automatic),89.63,6095.6,0.09240068944265814,0
C101584,Female,0,Yes,No,19,Yes,No,No,No internet service,No internet service,No internet service,No internet service,No internet service,No internet service,Two year,Yes,Mailed check,31.14,564.63,0.16984198187279156,0
C101585,Male,0,No,No,31,No,No phone service,DSL,No,Yes,No,Yes,No,No,Month-to-month,No,Electronic check,56.47,1772.39,0.5449194177188776,1
C101586,Female,0,No,Yes,35,Yes,Yes,Fiber optic,Yes,No,No,No,No,No,Month-to-month,Yes,Electronic check,76.35,2667.24,0.8123271033366254,1
C101587,Male,0,No,No,37,Yes,Yes,No,No internet service,No internet service,No internet service,No internet service,No internet service,No internet service,Month-to-month,Yes,Electronic check,34.6,1264.65,0.4376101511920402,0
C101588,Female,0,No,No,1,Yes,No,Fiber optic,No,No,No,Yes,Yes,No,Month-to-month,No,Electronic check,79.26,93.51,0.8380422502164597,1
C101589,Male,0,Yes,No,43,Yes,Yes,Fiber optic,No,No,No,No,No,No,Month-to-month,Yes,Bank transfer (automatic),73.62,3172.99,0.6945654812000612,1
C101590,Female,0,Yes,No,2,Yes,No,No,No internet service,No internet service,No internet service,No internet service,No internet service,No internet service,Month-to-month,Yes,Bank transfer (automatic),30.28,34.98,0.4139147961307808,0
C101591,Male,0,Yes,Yes,19,Yes,No,Fiber optic,Yes,No,No,No,No,No,One year,Yes,Mailed check,75.3,1444.05,0.4082360523998321,0
C101592,Male,0,No,Yes,21,No,No phone service,DSL,No,Yes,No,Yes,Yes,No,Month-to-month,Yes,Credit card (automatic),62.95,1359.5,0.6798210250916645,1
C101593,Male,0,No,No,48,Yes,No,DSL,Yes,No,No,No,No,Yes,Month-to-month,No,Credit card (automatic),63.45,3052.05,0.2799346325810525,0
C101594,Female,0,Yes,Yes,64,Yes,Yes,Fiber optic,Yes,No,Yes,No,No,No,Month-to-month,Yes,Bank transfer (automatic),83.69,5351.18,0.555234126259304,1
C101595,Male,0,Yes,Yes,50,Yes,No,DSL,No,No,No,Yes,Yes,Yes,One year,Yes,Bank transfer (automatic),73.05,3619.2,0.25251704532517866,0
C101596,Female,0,No,No,31,Yes,No,DSL,No,No,No,Yes,Yes,No,One year,Yes,Bank transfer (automatic),65.02,2056.68,0.3330005000582957,0
C101597,Female,0,No,Yes,37,Yes,Yes,DSL,Yes,Yes,Yes,No,No,No,One year,Yes,Electronic check,67.7,2494.39,0.5030313346889838,1
C101598,Female,0,No,Yes,36,Yes,No,Fiber optic,No,Yes,No,No,No,No,Month-to-month,Yes,Electronic check,78.72,2805.82,0.8450931831405988,1
C101599,Female,0,Yes,No,10,Yes,No,Fiber optic,No,No,No,No,Yes,Yes,One year,Yes,Electronic check,81.83,820.48,0.7624960253012734,1
C101600,Male,0,No,No,68,Yes,Yes,DSL,No,Yes,Yes,No,No,No,One year,Yes,Bank transfer (automatic),65.11,4447.82,0.2434893467360349,0
C101601,Female,0,No,No,66,Yes,Yes,DSL,Yes,No,Yes,No,Yes,No,Month-to-month,Yes,Mailed check,70.14,4654.01,0.4366798864565643,0
C101602,Female,0,No,No,17,Yes,No,DSL,No,No,No,No,Yes,No,Month-to-month,No,Credit card (automatic),63.72,1069.82,0.6130590988432564,1
C101603,Male,0,No,No,8,No,No phone service,DSL,No,Yes,Yes,No,No,Yes,Two year,Yes,Electronic check,61.53,490.25,0.6896999551131549,1
C101604,Male,0,No,Yes,11,Yes,No,Fiber optic,Yes,No,No,No,Yes,No,Month-to-month,No,Mailed check,83.05,913.52,0.6591324998574438,1
C101605,Female,1,No,No,45,Yes,No,DSL,No,No,Yes,Yes,Yes,No,Month-to-month,Yes,Electronic check,70.85,3207.66,0.7271322878809422,1
C101606,Male,0,No,Yes,2,Yes,No,No,No internet service,No internet service,No internet service,No internet service,No internet service,No internet service,Month-to-month,Yes,Credit card (automatic),31.88,75.61,0.4101974803838778,0
C101607,Female,0,Yes,Yes,7,Yes,Yes,DSL,No,Yes,Yes,No,Yes,Yes,Two year,No,Mailed check,75.94,537.0,0.5955658180338043,1
C101608,Male,0,Yes,No,46,Yes,No,DSL,Yes,No,Yes,No,No,No,Month-to-month,Yes,Bank transfer (automatic),64.54,2987.32,0.44436453105695173,0
C101609,Male,0,No,No,10,Yes,No,Fiber optic,No,Yes,Yes,No,No,Yes,Two year,Yes,Bank transfer (automatic),83.86,811.4,0.6805192071398117,1
C101610,Female,0,No,No,4,Yes,No,DSL,No,No,No,No,No,No,Two year,Yes,Electronic check,55.67,231.09,0.6968388868145677,1
C101611,Male,0,Yes,Yes,1,Yes,No,DSL,Yes,No,Yes,No,No,No,One year,Yes,Credit card (automatic),59.47,63.9,0.429898602442768,0
C101612,Female,0,Yes,Yes,50,Yes,No,DSL,No,No,Yes,No,No,Yes,Month-to-month,Yes,Credit card (automatic),69.67,3482.71,0.5645256707293861,1
C101613,Female,0,No,No,26,Yes,Yes,Fiber optic,No,No,No,No,Yes,Yes,Month-to-month,Yes,Bank transfer (automatic),89.05,2310.21,0.82480802690249,1
C101614,Male,0,No,No,20,Yes,No,DSL,No,No,No,No,Yes,No,Two year,Yes,Electronic check,58.12,1165.18,0.6618955121667313,1
C101615,Male,0,No,No,46,Yes,Yes,Fiber optic,No,No,No,No,Yes,Yes,Two year,Yes,Bank transfer (automatic),86.44,3964.99,0.5320509148919793,1
C101616,Female,0,Yes,Yes,12,Yes,No,Fiber optic,No,Yes,No,No,No,No,Two year,Yes,Bank transfer (automatic),70.28,897.94,0.7127182886686756,1
C101617,Female,0,No,Yes,37,Yes,Yes,Fiber optic,No,Yes,Yes,No,Yes,No,Two year,Yes,Credit card (automatic),87.21,3253.94,0.6855005500062015,1
C101618,Male,1,No,No,34,Yes,No,Fiber optic,No,Yes,No,No,Yes,No,One year,No,Electronic check,74.51,2555.22,0.5648482037091459,1
C101619,Female,0,Yes,No,48,Yes,Yes,Fiber optic,Yes,No,No,No,No,No,Month-to-month,No,Credit card (automatic),77.27,3698.35,0.45354167765448006,0
C101620,Male,0,Yes,Yes,44,Yes,No,Fiber optic,Yes,No,No,No,No,No,Month-to-month,Yes,Credit card (automatic),73.78,3227.2,0.5795047919245929,1
C101621,Male,0,No,Yes,48,Yes,Yes,Fiber optic,No,Yes,No,No,No,No,Month-to-month,Yes,Electronic check,79.89,3830.57,0.8199552630730568,1
C101622,Female,0,Yes,Yes,15,Yes,No,Fiber optic,No,No,No,No,No,No,Month-to-month,No,Bank transfer (automatic),74.17,1114.85,0.7196307252501701,1
C101623,Male,0,No,Yes,10,Yes,No,Fiber optic,No,No,No,No,Yes,No,Month-to-month,Yes,Electronic check,80.23,773.31,0.9127761312092236,1
C101624,Female,0,No,No,38,Yes,No,DSL,Yes,Yes,No,No,No,No,Month-to-month,No,Electronic check,66.9,2551.63,0.5236606123071446,1
C101625,Female,0,No,Yes,4,Yes,No,Fiber optic,Yes,Yes,No,No,No,Yes,Month-to-month,No,Bank transfer (automatic),85.21,362.47,0.7255507081760152,1
C101626,Female,0,Yes,No,32,Yes,No,DSL,Yes,No,Yes,No,No,No,Month-to-month,Yes,Electronic check,64.97,2034.35,0.6835704912650711,1
C101627,Female,0,No,No,45,No,No phone service,Fiber optic,No,Yes,No,No,No,No,One year,No,Electronic check,64.96,2905.13,0.4078896541331669,0
C101628,Male,0,Yes,No,59,Yes,No,DSL,Yes,No,No,No,No,No,One year,Yes,Bank transfer (automatic),57.05,3390.46,0.15898356035476288,0
C101629,Male,0,No,No,47,Yes,Yes,DSL,Yes,No,No,No,Yes,Yes,Month-to-month,Yes,Credit card (automatic),77.86,3667.13,0.5104414293748567,1
C101630,Female,0,Yes,Yes,71,Yes,No,DSL,No,No,No,No,No,No,One year,No,Electronic check,56.73,4010.16,0.22102340093208744,0
C101631,Female,0,No,Yes,40,Yes,No,DSL,No,No,No,No,No,No,Month-to-month,No,Electronic check,56.84,2288.36,0.6241361492038269,1
C101632,Male,0,No,No,32,Yes,No,DSL,No,Yes,Yes,No,Yes,Yes,Month-to-month,Yes,Electronic check,69.3,2205.6,0.8055964055105582,1
C101633,Female,0,Yes,No,17,Yes,No,DSL,Yes,No,No,No,No,No,Month-to-month,No,Electronic check,61.13,1034.52,0.6104411962334921,1
C101634,Male,0,Yes,Yes,48,Yes,No,Fiber optic,No,No,Yes,Yes,No,Yes,Month-to-month,Yes,Credit card (automatic),88.51,4225.9,0.5671064368847725,1
C101635,Female,0,No,No,58,Yes,No,Fiber optic,No,Yes,No,No,Yes,Yes,One year,No,Mailed check,85.96,4986.13,0.22846037783354964,0
C101636,Male,0,Yes,Yes,23,Yes,No,No,No internet service,No internet service,No internet service,No internet service,No internet service,No internet service,One year,No,Bank transfer (automatic),28.75,681.57,0.08678869284173181,0
C101637,Female,1,Yes,Yes,5,Yes,No,Fiber optic,Yes,No,Yes,No,No,No,Month-to-month,No,Mailed check,75.59,368.42,0.7229787098357294,1
C101638,Male,0,Yes,No,0,No,No phone service,DSL,No,Yes,No,No,No,No,Two year,Yes,Credit card (automatic),45.41,0.0,0.5656529323745181,1
C101639,Male,0,No,No,45,No,No phone service,Fiber optic,No,No,No,Yes,Yes,Yes,Month-to-month,Yes,Mailed check,78.39,3526.36,0.5664273562322388,1
C101640,Female,0,No,No,47,Yes,No,Fiber optic,Yes,No,No,Yes,No,Yes,Month-to-month,No,Credit card (automatic),86.41,4083.0,0.3166896020554093,0
C101641,Male,1,Yes,No,8,Yes,Yes,DSL,No,No,No,No,No,No,Two year,Yes,Bank transfer (automatic),57.38,449.76,0.6294925922987744,1
C101642,Male,0,No,Yes,1,Yes,No,Fiber optic,Yes,No,No,No,Yes,Yes,One year,No,Credit card (automatic),90.82,121.92,0.46760114755839305,0
C101643,Female,0,No,Yes,47,Yes,No,Fiber optic,Yes,No,No,Yes,No,No,One year,Yes,Mailed check,77.86,3673.06,0.22349156294860745,0
C101644,Male,1,Yes,No,28,Yes,No,Fiber optic,Yes,No,No,Yes,No,No,One year,Yes,Credit card (automatic),80.14,2248.68,0.3215781182746477,0
C101645,Male,0,Yes,No,30,Yes,No,DSL,No,No,No,No,No,No,Month-to-month,Yes,Electronic check,59.24,1782.67,0.73122423020388,1
C101646,Male,1,Yes,No,18,Yes,No,Fiber optic,No,Yes,Yes,Yes,No,No,One year,Yes,Bank transfer (automatic),83.22,1488.66,0.5303977725231199,1
C101647,Female,0,Yes,Yes,51,Yes,No,DSL,No,No,Yes,Yes,Yes,Yes,One year,Yes,Bank transfer (automatic),77.17,3924.86,0.27847234598317455,0
C101648,Female,0,No,No,53,Yes,No,Fiber optic,No,No,Yes,No,No,Yes,Month-to-month,Yes,Mailed check,79.56,4222.04,0.5871919982961858,1
C101649,Female,0,Yes,No,3,Yes,No,No,No internet service,No internet service,No internet service,No internet service,No internet service,No internet service,Month-to-month,No,Bank transfer (automatic),31.76,71.32,0.28217569479052734,0
C101650,Male,0,No,No,6,Yes,Yes,DSL,No,No,No,No,No,No,Two year,Yes,Electronic check,52.86,305.14,0.7154410615872172,1
C101651,Male,1,Yes,No,39,Yes,No,Fiber optic,No,No,No,No,Yes,Yes,Month-to-month,No,Credit card (automatic),81.49,3159.43,0.6296182162206867,1
C101652,Male,0,Yes,No,43,Yes,No,Fiber optic,No,Yes,No,Yes,No,Yes,Two year,Yes,Mailed check,86.14,3715.29,0.3506597727728732,0
C101653,Female,1,Yes,No,10,Yes,Yes,Fiber optic,No,No,No,Yes,Yes,No,Month-to-month,No,Electronic check,82.5,836.79,0.86769678054956,1
C101654,Male,0,No,No,11,Yes,No,DSL,No,Yes,Yes,Yes,Yes,Yes,Month-to-month,Yes,Bank transfer (automatic),81.86,925.81,0.7291220263961729,1
C101655,Male,0,No,Yes,49,Yes,No,Fiber optic,No,Yes,No,No,Yes,No,Month-to-month,No,Bank transfer (automatic),81.97,4009.64,0.5948621013935842,1
C101656,Female,1,Yes,No,32,Yes,No,Fiber optic,Yes,No,No,Yes,Yes,No,One year,Yes,Electronic check,88.13,2804.0,0.5313250513017285,1
C101657,Female,0,Yes,No,8,Yes,No,DSL,No,Yes,No,Yes,Yes,Yes,Month-to-month,Yes,Electronic check,81.45,622.2,0.8432861151651058,1
C101658,Female,1,Yes,No,43,Yes,No,Fiber optic,Yes,No,No,No,No,No,Month-to-month,Yes,Bank transfer (automatic),73.92,3183.83,0.6341882062172716,1
C101659,Male,0,No,No,5,No,No phone service,Fiber optic,No,No,Yes,No,Yes,Yes,Month-to-month,Yes,Credit card (automatic),77.25,414.17,0.8471945616939628,1
C101660,Female,0,Yes,No,16,Yes,No,DSL,No,No,No,No,Yes,No,One year,Yes,Electronic check,62.19,993.55,0.6283703951647865,1
C101661,Female,0,No,Yes,51,Yes,No,No,No internet service,No internet service,No internet service,No internet service,No internet service,No internet service,Month-to-month,Yes,Electronic check,29.41,1500.49,0.40217492382587716,0
C101662,Male,0,Yes,No,16,Yes,No,DSL,Yes,Yes,No,No,Yes,No,Month-to-month,Yes,Bank transfer (automatic),72.83,1165.21,0.677464577460324,1
C101663,Female,0,Yes,No,4,Yes,No,Fiber optic,Yes,Yes,No,No,No,No,Month-to-month,No,Electronic check,79.72,323.96,0.7984842965413054,1
C101664,Female,0,No,No,69,Yes,Yes,Fiber optic,No,No,Yes,No,Yes,Yes,Month-to-month,Yes,Credit card (automatic),86.0,5953.76,0.6247535880779574,1
C101665,Male,0,No,No,16,Yes,No,DSL,No,Yes,No,Yes,No,No,Month-to-month,No,Credit card (automatic),66.88,1108.41,0.4772194417699434,0
C101666,Female,0,Yes,No,37,Yes,No,Fiber optic,No,No,No,No,Yes,No,Month-to-month,Yes,Credit card (automatic),74.75,2775.77,0.7439772154864215,1
C101667,Female,1,No,Yes,59,Yes,No,Fiber optic,No,No,No,Yes,Yes,No,One year,No,Mailed check,81.19,4801.68,0.2182653994233856,0
C101668,Female,0,Yes,No,71,Yes,No,Fiber optic,Yes,Yes,No,Yes,No,No,Two year,No,Electronic check,84.38,5986.07,0.19546340682266536,0
C101669,Female,0,Yes,No,58,Yes,No,Fiber optic,No,No,Yes,No,No,Yes,Month-to-month,Yes,Bank transfer (automatic),81.84,4744.46,0.5922751125130992,1
C101670,Female,1,Yes,No,24,Yes,No,No,No internet service,No internet service,No internet service,No internet service,No internet service,No internet service,Month-to-month,Yes,Electronic check,32.7,782.31,0.5183526942317204,1
C101671,Female,0,No,No,61,Yes,Yes,No,No internet service,No internet service,No internet service,No internet service,No internet service,No internet service,Two year,No,Electronic check,32.6,1981.36,0.1305436506711453,0
C101672,Male,0,No,No,0,Yes,No,DSL,No,Yes,Yes,Yes,No,No,Month-to-month,Yes,Mailed check,68.46,0.0,0.6928101885434861,1
C101673,Female,0,Yes,No,23,Yes,No,DSL,No,Yes,Yes,Yes,No,No,Month-to-month,Yes,Mailed check,63.88,1481.79,0.6088203364745408,1
C101674,Female,0,No,No,14,Yes,Yes,Fiber optic,No,No,Yes,No,Yes,Yes,One year,Yes,Electronic check,87.23,1222.43,0.7961255241257126,1
C101675,Female,0,No,Yes,38,Yes,No,No,No internet service,No internet service,No internet service,No internet service,No internet service,No internet service,Month-to-month,Yes,Electronic check,27.63,1044.45,0.455215600064832,0
C101676,Male,0,No,Yes,64,Yes,No,Fiber optic,No,Yes,Yes,No,Yes,No,Month-to-month,No,Electronic check,84.78,5428.31,0.6536223791151178,1
C101677,Male,0,No,No,55,No,No phone service,DSL,Yes,Yes,Yes,Yes,No,No,Two year,Yes,Bank transfer (automatic),63.73,3486.08,0.188097539060416,0
C101678,Female,0,No,Yes,71,Yes,No,No,No internet service,No internet service,No internet service,No internet service,No internet service,No internet service,One year,Yes,Electronic check,27.73,1984.75,0.1364267041031232,0
C101679,Female,0,No,No,9,Yes,Yes,DSL,No,No,No,No,Yes,No,One year,Yes,Bank transfer (automatic),64.38,571.17,0.5809075099725484,1
C101680,Female,0,Yes,Yes,54,Yes,No,DSL,No,No,No,No,No,No,Month-to-month,Yes,Bank transfer (automatic),54.83,2937.77,0.5642500246128912,1
C101681,Male,0,Yes,No,52,Yes,No,Fiber optic,No,No,No,Yes,No,No,Month-to-month,No,Bank transfer (automatic),69.65,3630.98,0.38878092451547974,0
C101682,Male,0,No,Yes,32,Yes,No,DSL,Yes,No,Yes,No,Yes,No,Two year,No,Credit card (automatic),72.77,2338.86,0.2766770881247219,0
C101683,Female,1,Yes,Yes,7,No,No phone service,Fiber optic,No,No,Yes,Yes,Yes,No,Two year,No,Credit card (automatic),78.53,532.49,0.6157670317964132,1
C101684,Male,0,No,No,7,Yes,No,Fiber optic,Yes,No,No,No,No,No,Two year,Yes,Electronic check,74.41,533.31,0.6902377535918255,1
C101685,Female,0,Yes,No,65,Yes,Yes,Fiber optic,Yes,No,No,Yes,No,No,Month-to-month,Yes,Electronic check,84.88,5529.98,0.5507130908065367,1
C101686,Male,0,No,Yes,21,Yes,No,No,No internet service,No internet service,No internet service,No internet service,No internet service,No internet service,Two year,Yes,Credit card (automatic),29.19,652.42,0.18600832999694775,0
C101687,Male,0,Yes,Yes,45,Yes,No,DSL,Yes,Yes,Yes,Yes,No,Yes,Month-to-month,Yes,Credit card (automatic),75.99,3414.8,0.42291209391435425,0
C101688,Female,0,No,Yes,68,Yes,No,Fiber optic,No,No,No,No,Yes,No,One year,No,Electronic check,81.41,5534.75,0.3339470838581597,0
C101689,Male,0,Yes,No,35,Yes,No,Fiber optic,Yes,No,No,No,No,No,One year,No,Credit card (automatic),76.87,2678.47,0.2013869713563363,0
C101690,Female,1,Yes,Yes,15,Yes,Yes,DSL,No,Yes,No,Yes,Yes,No,Month-to-month,No,Credit card (automatic),76.35,1155.15,0.7167127812854626,1
C101691,Female,0,No,No,34,Yes,No,Fiber optic,No,No,No,No,Yes,Yes,Month-to-month,Yes,Credit card (automatic),81.29,2763.72,0.7517304563977715,1
C101692,Female,0,No,No,16,Yes,No,Fiber optic,No,No,Yes,No,No,Yes,One year,No,Electronic check,82.81,1344.8,0.5584109905293806,1
C101693,Male,0,No,No,13,Yes,No,DSL,No,No,Yes,No,No,No,Two year,No,Bank transfer (automatic),55.57,713.79,0.3746791417270602,0
C101694,Male,0,No,No,58,Yes,No,Fiber optic,No,Yes,Yes,Yes,No,Yes,Month-to-month,Yes,Mailed check,89.39,5193.84,0.4646600229827767,0
C101695,Female,0,Yes,Yes,24,Yes,No,Fiber optic,Yes,No,No,Yes,No,No,Month-to-month,Yes,Mailed check,82.85,1983.63,0.6106343065190282,1
C101696,Male,0,No,No,49,Yes,Yes,DSL,No,Yes,No,No,No,No,One year,No,Electronic check,60.43,2924.37,0.3200874963110444,0
C101697,Male,0,Yes,No,52,Yes,No,DSL,Yes,No,No,Yes,No,Yes,Month-to-month,Yes,Electronic check,74.28,3874.95,0.4414060605721928,0
C101698,Male,1,No,Yes,39,Yes,No,Fiber optic,Yes,No,No,Yes,No,No,Month-to-month,Yes,Credit card (automatic),81.76,3153.65,0.5716555961104913,1
C101699,Female,1,Yes,No,38,Yes,No,No,No internet service,No internet service,No internet service,No internet service,No internet service,No internet service,Month-to-month,Yes,Bank transfer (automatic),30.52,1156.72,0.33017827064282584,0
C101700,Male,0,Yes,No,12,Yes,No,DSL,Yes,No,No,Yes,No,No,Month-to-month,Yes,Bank transfer (automatic),64.2,767.52,0.5335111910636374,1
C101701,Male,0,No,No,38,Yes,No,DSL,No,No,Yes,Yes,No,Yes,Month-to-month,No,Electronic check,72.01,2736.25,0.4938834073602589,0
C101702,Female,0,No,No,54,Yes,No,DSL,Yes,No,No,No,No,No,Two year,No,Credit card (automatic),64.83,3501.84,0.14096910815182698,0
C101703,Male,1,Yes,Yes,14,Yes,No,Fiber optic,Yes,No,Yes,No,No,No,Two year,No,Credit card (automatic),79.44,1112.88,0.47857099701474287,0
C101704,Female,0,No,No,16,Yes,No,DSL,No,Yes,No,Yes,No,No,Month-to-month,Yes,Bank transfer (automatic),66.39,1069.5,0.6557495528375356,1
C101705,Female,0,No,No,49,Yes,Yes,Fiber optic,Yes,Yes,No,Yes,Yes,Yes,Month-to-month,No,Electronic check,101.76,4984.01,0.5805396960693262,1
C101706,Female,0,Yes,No,70,Yes,No,DSL,No,No,No,Yes,No,No,One year,Yes,Electronic check,58.14,4122.04,0.23834147069058637,0
C101707,Female,0,No,Yes,28,Yes,No,Fiber optic,No,No,Yes,Yes,No,Yes,Month-to-month,Yes,Bank transfer (automatic),85.67,2391.87,0.7203822749277904,1
C101708,Male,0,Yes,Yes,59,Yes,Yes,Fiber optic,No,Yes,No,Yes,No,No,One year,No,Credit card (automatic),82.59,4848.5,0.19751373528134678,0
C101709,Male,1,Yes,No,13,Yes,Yes,Fiber optic,Yes,No,Yes,No,No,No,Month-to-month,No,Credit card (automatic),76.69,968.74,0.6978160855712878,1
C101710,Male,0,No,Yes,41,Yes,No,DSL,Yes,No,Yes,Yes,Yes,No,One year,No,Electronic check,77.97,3210.03,0.22616596951437132,0
C101711,Male,1,Yes,Yes,67,Yes,No,Fiber optic,No,No,No,Yes,No,No,Month-to-month,Yes,Electronic check,73.67,4904.09,0.6647661798553027,1
C101712,Female,0,Yes,No,31,Yes,Yes,Fiber optic,No,Yes,Yes,No,Yes,Yes,Two year,Yes,Mailed check,94.7,2911.48,0.6591314658808562,1
C101713,Female,0,No,No,36,Yes,Yes,Fiber optic,Yes,No,Yes,No,No,Yes,One year,No,Mailed check,86.1,3072.7,0.24550717100393485,0
C101714,Female,0,Yes,Yes,11,Yes,No,DSL,Yes,Yes,No,No,No,No,Month-to-month,Yes,Bank transfer (automatic),69.11,769.3,0.7022289390456408,1
C101715,Female,0,No,No,38,Yes,No,DSL,No,Yes,No,No,No,No,Two year,Yes,Bank transfer (automatic),58.3,2242.15,0.4251674727265782,0
C101716,Female,0,No,No,42,Yes,No,Fiber optic,Yes,No,No,Yes,Yes,No,Month-to-month,No,Credit card (automatic),91.8,3836.84,0.39798056345357224,0
C101717,Male,0,Yes,No,70,Yes,No,DSL,No,No,No,Yes,No,Yes,Month-to-month,Yes,Electronic check,66.57,4668.22,0.4509340568178048,0
C101718,Male,0,No,Yes,14,Yes,No,Fiber optic,No,Yes,Yes,Yes,No,No,One year,Yes,Mailed check,83.87,1121.39,0.5027814437337483,1
C101719,Female,0,Yes,Yes,26,No,No phone service,DSL,No,Yes,Yes,Yes,No,Yes,One year,Yes,Bank transfer (automatic),68.92,1776.93,0.36920313267332877,0
C101720,Male,0,No,No,46,Yes,No,DSL,No,No,No,No,No,Yes,Month-to-month,Yes,Credit card (automatic),58.71,2712.53,0.5166322646910055,1
C101721,Female,0,Yes,Yes,67,Yes,No,Fiber optic,No,No,Yes,No,No,No,Month-to-month,Yes,Credit card (automatic),74.12,4960.12,0.5842018396235069,1
C101722,Female,0,No,No,17,Yes,No,DSL,No,Yes,No,No,No,No,Month-to-month,Yes,Credit card (automatic),60.35,1045.81,0.7092341604532739,1
C101723,Female,1,Yes,Yes,50,Yes,No,DSL,No,Yes,No,No,No,No,Month-to-month,Yes,Bank transfer (automatic),60.01,2955.81,0.6572062283319499,1
C101724,Female,0,No,No,63,Yes,No,Fiber optic,No,No,No,No,Yes,No,Month-to-month,Yes,Electronic check,76.11,4780.08,0.7414163105437429,1
C101725,Female,0,Yes,No,45,Yes,No,Fiber optic,No,Yes,Yes,No,No,No,Month-to-month,Yes,Bank transfer (automatic),77.76,3508.44,0.6993418246672279,1
C101726,Female,0,Yes,No,30,Yes,Yes,No,No internet service,No internet service,No internet service,No internet service,No internet service,No internet service,Month-to-month,No,Credit card (automatic),35.12,1062.29,0.2310280507698964,0
C101727,Female,0,Yes,No,16,Yes,No,DSL,No,No,No,No,No,Yes,One year,Yes,Electronic check,61.44,993.41,0.5653980663277244,1
C101728,Male,0,No,No,20,Yes,No,Fiber optic,Yes,No,No,No,No,Yes,One year,No,Electronic check,83.42,1672.47,0.39570088191081926,0
C101729,Male,1,No,No,3,Yes,No,Fiber optic,No,No,Yes,Yes,No,No,Two year,No,Electronic check,80.98,220.06,0.6655950576051777,1
C101730,Female,0,Yes,No,10,Yes,No,DSL,No,No,No,No,Yes,No,Month-to-month,Yes,Bank transfer (automatic),62.63,610.67,0.7754603113427907,1
C101731,Female,0,Yes,No,31,Yes,Yes,Fiber optic,Yes,No,No,No,No,No,Month-to-month,Yes,Bank transfer (automatic),80.83,2552.18,0.690712302530069,1
C101732,Female,0,Yes,No,10,No,No phone service,Fiber optic,No,Yes,No,No,No,No,Month-to-month,No,Electronic check,63.22,607.06,0.825948609108382,1
C101733,Female,0,Yes,No,0,Yes,Yes,Fiber optic,No,No,Yes,No,No,No,Month-to-month,Yes,Electronic check,79.77,0.0,0.9298139484053061,1
C101734,Female,0,No,No,49,Yes,Yes,DSL,No,Yes,No,No,Yes,No,Month-to-month,Yes,Bank transfer (automatic),67.61,3326.39,0.6737661191112947,1
C101735,Female,0,No,Yes,5,No,No phone service,No,No internet service,No internet service,No internet service,No internet service,No internet service,No internet service,Month-to-month,Yes,Mailed check,16.5,61.31,0.3880318037855496,0
C101736,Female,0,No,No,10,Yes,No,Fiber optic,No,No,No,No,Yes,Yes,One year,No,Electronic check,81.18,847.61,0.6417607279935584,1
C101737,Male,0,Yes,No,42,Yes,No,No,No internet service,No internet service,No internet service,No internet service,No internet service,No internet service,Two year,Yes,Bank transfer (automatic),28.19,1238.81,0.1295780340989103,0
C101738,Male,0,Yes,No,66,Yes,No,Fiber optic,Yes,Yes,Yes,No,Yes,Yes,Month-to-month,Yes,Electronic check,95.94,6327.11,0.6295539883813415,1
C101739,Male,0,No,No,52,Yes,Yes,Fiber optic,No,No,No,Yes,Yes,Yes,Month-to-month,Yes,Electronic check,90.29,4701.04,0.7354346362343754,1
C101740,Male,0,Yes,No,2,Yes,Yes,Fiber optic,Yes,Yes,Yes,Yes,No,Yes,One year,No,Electronic check,98.32,160.15,0.5479896602927211,1
C101741,Female,0,No,No,12,Yes,Yes,Fiber optic,No,No,No,Yes,No,Yes,One year,Yes,Electronic check,87.54,1071.06,0.6777380230513762,1
C101742,Male,0,Yes,Yes,53,No,No phone service,No,No internet service,No internet service,No internet service,No internet service,No internet service,No internet service,Month-to-month,No,Electronic check,23.71,1212.09,0.24715683045889877,0
C101743,Male,0,Yes,No,52,Yes,Yes,Fiber optic,No,No,Yes,No,Yes,Yes,One year,No,Electronic check,89.73,4639.26,0.42639534691663056,0
C101744,Male,0,No,Yes,28,Yes,No,DSL,No,Yes,Yes,No,No,No,Month-to-month,Yes,Electronic check,65.71,1842.37,0.8000905557428198,1
C101745,Female,0,Yes,No,68,No,No phone service,Fiber optic,Yes,No,No,Yes,No,Yes,One year,Yes,Bank transfer (automatic),76.56,5216.84,0.14351946459992654,0
C101746,Female,0,No,Yes,63,Yes,No,DSL,No,Yes,Yes,Yes,No,No,One year,No,Credit card (automatic),65.09,4071.12,0.13142328105760157,0
C101747,Male,0,Yes,No,53,Yes,No,No,No internet service,No internet service,No internet service,No internet service,No internet service,No internet service,Month-to-month,Yes,Electronic check,27.05,1422.89,0.3386179529619072,0
C101748,Female,1,Yes,Yes,53,Yes,Yes,Fiber optic,No,No,Yes,Yes,No,No,Month-to-month,Yes,Bank transfer (automatic),82.51,4339.84,0.6878182847348331,1
C101749,Female,0,Yes,No,56,Yes,No,Fiber optic,Yes,Yes,Yes,No,No,No,One year,Yes,Electronic check,84.99,4753.04,0.39287345446019056,0
C101750,Female,0,Yes,No,10,Yes,No,DSL,Yes,No,No,No,Yes,No,One year,Yes,Credit card (automatic),65.52,639.16,0.4182912354302025,0
C101751,Female,0,No,No,50,Yes,Yes,Fiber optic,Yes,No,Yes,No,No,Yes,Two year,Yes,Electronic check,90.96,4535.52,0.527087526850617,1
C101752,Female,0,Yes,Yes,67,Yes,No,DSL,No,No,No,Yes,Yes,Yes,Month-to-month,No,Electronic check,77.58,5210.83,0.43271362794579826,0
C101753,Male,0,No,Yes,16,Yes,Yes,Fiber optic,No,No,No,Yes,No,No,Two year,No,Mailed check,76.78,1234.1,0.439433125901209,0
C101754,Female,0,No,No,1,Yes,No,Fiber optic,No,No,No,No,No,No,One year,Yes,Electronic check,75.31,86.54,0.7455986577776059,1
C101755,Male,0,Yes,No,25,Yes,No,Fiber optic,No,No,No,No,No,No,One year,Yes,Electronic check,65.91,1645.24,0.6120584108260204,1
C101756,Male,0,Yes,No,19,No,No phone service,DSL,No,Yes,Yes,Yes,Yes,No,Month-to-month,Yes,Electronic check,69.62,1337.16,0.789637475449539,1
C101757,Female,0,Yes,No,68,Yes,No,Fiber optic,No,No,No,Yes,No,No,Month-to-month,No,Bank transfer (automatic),75.92,5161.6,0.3158338244883047,0
C101758,Female,0,No,No,32,Yes,No,Fiber optic,Yes,Yes,No,Yes,No,No,One year,Yes,Electronic check,84.42,2691.54,0.4448659851306602,0
C101759,Female,0,No,No,47,Yes,No,Fiber optic,Yes,No,No,Yes,No,Yes,Month-to-month,No,Electronic check,86.98,4099.47,0.46107362191085777,0
C101760,Male,0,Yes,No,70,Yes,No,No,No internet service,No internet service,No internet service,No internet service,No internet service,No internet service,Month-to-month,No,Credit card (automatic),28.0,1951.54,0.10666858724461525,0
C101761,Male,1,No,No,56,Yes,No,Fiber optic,Yes,Yes,No,Yes,No,No,Month-to-month,No,Electronic check,88.75,4963.63,0.4554207821676575,0
C101762,Male,0,No,No,53,Yes,Yes,DSL,No,No,No,No,Yes,No,Two year,Yes,Electronic check,62.27,3321.67,0.5466128240949538,1
C101763,Female,0,Yes,No,69,Yes,Yes,DSL,No,No,No,Yes,No,No,One year,Yes,Bank transfer (automatic),62.59,4338.1,0.17894425122301105,0
C101764,Female,0,Yes,Yes,49,No,No phone service,No,No internet service,No internet service,No internet service,No internet service,No internet service,No internet service,Two year,Yes,Electronic check,16.55,805.1,0.24403117598444432,0
C101765,Female,0,No,Yes,16,Yes,No,No,No internet service,No internet service,No internet service,No internet service,No internet service,No internet service,Two year,No,Credit card (automatic),28.17,468.23,0.13633429866398103,0
C101766,Female,1,Yes,No,52,Yes,No,DSL,No,No,No,No,No,No,One year,No,Electronic check,53.25,2743.4,0.3123935013681662,0
C101767,Male,0,Yes,No,23,Yes,No,Fiber optic,No,Yes,No,No,Yes,No,Month-to-month,No,Electronic check,78.08,1790.05,0.8111078191364465,1
C101768,Male,0,Yes,No,23,Yes,No,Fiber optic,No,Yes,Yes,Yes,No,Yes,Month-to-month,Yes,Credit card (automatic),89.56,2044.86,0.7077924011289187,1
C101769,Male,0,No,No,46,Yes,No,DSL,No,No,Yes,No,No,No,One year,No,Credit card (automatic),56.21,2585.77,0.1722177359049389,0
C101770,Male,0,Yes,Yes,22,Yes,No,No,No internet service,No internet service,No internet service,No internet service,No internet service,No internet service,Two year,Yes,Bank transfer (automatic),33.99,762.39,0.18998127058248226,0
C101771,Male,0,Yes,Yes,1,Yes,No,No,No internet service,No internet service,No internet service,No internet service,No internet service,No internet service,Two year,Yes,Electronic check,29.62,40.73,0.3698983531569092,0
C101772,Male,0,Yes,No,71,Yes,No,No,No internet service,No internet service,No internet service,No internet service,No internet service,No internet service,Month-to-month,No,Bank transfer (automatic),30.94,2204.78,0.10588637840408688,0
C101773,Male,0,No,No,41,Yes,No,DSL,No,No,No,No,No,No,One year,No,Credit card (automatic),57.15,2346.08,0.17353136989776505,0
C101774,Female,0,Yes,Yes,48,Yes,No,Fiber optic,Yes,No,No,Yes,Yes,No,Month-to-month,No,Mailed check,92.06,4415.81,0.3754036282883429,0
C101775,Male,0,No,No,58,Yes,No,No,No internet service,No internet service,No internet service,No internet service,No internet service,No internet service,Month-to-month,No,Credit card (automatic),32.27,1895.96,0.11911492355626947,0
C101776,Male,0,Yes,No,45,Yes,No,Fiber optic,Yes,No,No,No,No,No,Month-to-month,Yes,Bank transfer (automatic),74.38,3316.19,0.544436305641871,1
C101777,Male,1,Yes,No,43,Yes,Yes,Fiber optic,No,Yes,No,Yes,No,No,Month-to-month,No,Credit card (automatic),80.32,3440.35,0.5535324192377334,1
C101778,Male,0,No,No,57,Yes,No,Fiber optic,No,No,No,Yes,No,Yes,Month-to-month,No,Electronic check,82.85,4730.4,0.4700841449564628,0
C101779,Female,0,No,No,21,No,No phone service,DSL,No,No,No,Yes,No,No,One year,Yes,Credit card (automatic),53.66,1157.33,0.30218443735028233,0
C101780,Male,0,Yes,No,59,Yes,No,Fiber optic,Yes,Yes,Yes,No,No,Yes,Month-to-month,Yes,Credit card (automatic),89.35,5265.02,0.47237445889542035,0
C101781,Male,0,No,No,52,Yes,Yes,Fiber optic,No,No,Yes,No,Yes,Yes,Two year,Yes,Credit card (automatic),89.16,4631.26,0.49680236423140817,0
C101782,Male,0,No,No,13,Yes,No,DSL,No,Yes,No,No,No,Yes,Month-to-month,Yes,Credit card (automatic),65.53,826.14,0.7061409784741862,1
C101783,Female,0,Yes,No,10,Yes,No,DSL,Yes,Yes,No,Yes,No,Yes,Month-to-month,No,Credit card (automatic),71.33,702.42,0.4559037422603979,0
C101784,Female,1,No,Yes,63,Yes,No,Fiber optic,No,Yes,No,No,No,No,Month-to-month,No,Bank transfer (automatic),74.37,4699.23,0.5413488268301306,1
C101785,Male,0,No,No,64,Yes,Yes,Fiber optic,No,No,Yes,Yes,Yes,Yes,Month-to-month,No,Bank transfer (automatic),96.83,6228.75,0.39608205249974854,0
C101786,Male,0,Yes,No,71,Yes,No,DSL,Yes,No,Yes,Yes,No,No,Month-to-month,Yes,Credit card (automatic),69.89,4956.03,0.23643695263960424,0
C101787,Male,0,No,No,7,Yes,Yes,DSL,Yes,Yes,No,No,No,No,Month-to-month,Yes,Bank transfer (automatic),69.81,472.68,0.7107232506023148,1
C101788,Male,0,Yes,Yes,64,Yes,No,Fiber optic,No,No,Yes,Yes,No,No,Month-to-month,Yes,Bank transfer (automatic),82.89,5306.5,0.486091009749893,0
C101789,Female,0,Yes,No,62,Yes,No,DSL,No,No,No,No,Yes,No,Month-to-month,No,Bank transfer (automatic),59.74,3671.6,0.4007423726526655,0
C101790,Female,0,No,Yes,55,Yes,No,Fiber optic,Yes,No,Yes,No,Yes,No,Month-to-month,Yes,Credit card (automatic),86.1,4760.46,0.6004183373931103,1
C101791,Female,1,No,No,35,Yes,No,Fiber optic,No,Yes,No,No,No,No,Month-to-month,Yes,Electronic check,74.11,2569.13,0.8582593835072946,1
C101792,Male,0,No,No,36,Yes,No,Fiber optic,No,Yes,No,No,No,No,Month-to-month,No,Bank transfer (automatic),68.93,2487.71,0.5844478009553165,1
C101793,Male,0,No,No,30,Yes,No,Fiber optic,Yes,Yes,No,Yes,No,No,Month-to-month,Yes,Bank transfer (automatic),84.53,2541.94,0.5737485634741397,1
C101794,Male,0,No,No,2,Yes,No,Fiber optic,No,No,Yes,Yes,No,Yes,Month-to-month,No,Credit card (automatic),83.42,179.4,0.6701652686457866,1
C101795,Male,1,Yes,Yes,36,Yes,No,Fiber optic,No,No,No,No,No,No,Two year,No,Electronic check,70.33,2537.17,0.5829753660358051,1
C101796,Female,0,No,No,17,Yes,Yes,Fiber optic,Yes,Yes,Yes,Yes,Yes,No,Month-to-month,No,Bank transfer (automatic),99.71,1695.07,0.6728873908808887,1
C101797,Male,0,No,No,14,Yes,No,Fiber optic,Yes,No,Yes,Yes,No,No,One year,No,Electronic check,84.46,1190.96,0.3746128463545027,0
C101798,Male,1,No,No,4,Yes,Yes,Fiber optic,Yes,Yes,No,Yes,No,No,Two year,No,Bank transfer (automatic),85.75,359.69,0.5032594514814732,1
C101799,Female,0,Yes,No,32,Yes,No,Fiber optic,No,Yes,No,No,No,No,Month-to-month,Yes,Credit card (automatic),74.58,2422.65,0.7383936455853449,1
C101800,Male,1,Yes,No,3,Yes,No,Fiber optic,No,Yes,No,No,Yes,No,Two year,Yes,Bank transfer (automatic),86.11,236.28,0.7909950962930116,1
C101801,Male,0,Yes,No,61,Yes,No,Fiber optic,No,Yes,No,Yes,No,Yes,One year,Yes,Bank transfer (automatic),80.57,4877.94,0.23323742789129956,0
C101802,Male,0,Yes,No,64,Yes,No,DSL,No,Yes,No,Yes,No,Yes,One year,Yes,Electronic check,71.58,4550.31,0.24435864867562643,0
C101803,Male,0,Yes,No,57,Yes,Yes,Fiber optic,No,Yes,Yes,Yes,No,No,Two year,No,Bank transfer (automatic),85.64,4845.25,0.25483543767117284,0
C101804,Male,0,No,No,21,Yes,No,DSL,No,No,No,Yes,No,Yes,Month-to-month,Yes,Credit card (automatic),65.93,1360.64,0.5650088562654102,1
C101805,Male,0,No,No,11,Yes,No,No,No internet service,No internet service,No internet service,No internet service,No internet service,No internet service,Month-to-month,Yes,Bank transfer (automatic),29.74,300.59,0.35145483289243507,0
C101806,Male,0,Yes,No,36,Yes,Yes,Fiber optic,No,No,Yes,No,No,No,Month-to-month,No,Electronic check,76.14,2732.71,0.7417430691390389,1
C101807,Male,0,Yes,No,48,Yes,No,DSL,No,No,No,Yes,No,Yes,One year,Yes,Bank transfer (automatic),68.5,3305.32,0.18921540906624545,0
C101808,Male,0,No,No,1,Yes,No,Fiber optic,No,No,No,Yes,No,Yes,Month-to-month,Yes,Bank transfer (automatic),81.4,93.93,0.78005297831454,1
C101809,Female,0,Yes,No,61,Yes,No,DSL,No,No,No,No,No,No,Month-to-month,No,Bank transfer (automatic),49.6,3012.87,0.3639789685527025,0
C101810,Male,0,No,No,31,No,No phone service,No,No internet service,No internet service,No internet service,No internet service,No internet service,No internet service,Two year,Yes,Bank transfer (automatic),23.2,708.46,0.14398668925561084,0
C101811,Female,0,Yes,Yes,59,Yes,Yes,No,No internet service,No internet service,No internet service,No internet service,No internet service,No internet service,Month-to-month,Yes,Credit card (automatic),35.82,2153.78,0.27577657630897634,0
C101812,Female,0,Yes,No,5,No,No phone service,Fiber optic,No,No,No,No,Yes,Yes,Month-to-month,Yes,Credit card (automatic),70.48,364.31,0.8537239139778311,1
C101813,Male,1,Yes,No,30,No,No phone service,Fiber optic,No,No,No,Yes,No,No,Month-to-month,No,Electronic check,66.12,1987.19,0.683561054581304,1
C101814,Female,0,No,No,32,Yes,No,No,No internet service,No internet service,No internet service,No internet service,No internet service,No internet service,One year,No,Bank transfer (automatic),33.04,1059.84,0.07067932579439633,0
C101815,Male,0,Yes,Yes,3,Yes,Yes,Fiber optic,No,Yes,No,No,No,Yes,Month-to-month,No,Bank transfer (automatic),85.58,250.96,0.8170089537901148,1
C101816,Male,0,No,Yes,50,Yes,No,Fiber optic,No,No,No,No,No,Yes,Month-to-month,Yes,Credit card (automatic),79.39,4009.73,0.620754496322709,1
C101817,Male,0,Yes,No,67,Yes,No,DSL,Yes,Yes,No,No,Yes,No,Two year,No,Electronic check,70.94,4748.93,0.22734773205568537,0
C101818,Male,0,Yes,Yes,38,Yes,No,No,No internet service,No internet service,No internet service,No internet service,No internet service,No internet service,Month-to-month,Yes,Electronic check,31.92,1216.09,0.42223746970406345,0
C101819,Male,0,No,No,28,Yes,No,Fiber optic,Yes,No,No,No,Yes,No,Month-to-month,Yes,Bank transfer (automatic),84.52,2333.64,0.6887936472332239,1
C101820,Male,0,Yes,No,45,Yes,No,DSL,No,No,No,No,Yes,No,One year,Yes,Mailed check,60.14,2693.65,0.28737365243980617,0
C101821,Female,1,Yes,No,25,Yes,No,No,No internet service,No internet service,No internet service,No internet service,No internet service,No internet service,Month-to-month,Yes,Electronic check,31.1,766.52,0.5165547692542297,1
C101822,Male,0,No,Yes,25,Yes,No,Fiber optic,No,No,No,Yes,No,Yes,Month-to-month,Yes,Credit card (automatic),76.63,1925.56,0.6936363122823224,1
C101823,Female,0,No,No,54,Yes,No,No,No internet service,No internet service,No internet service,No internet service,No internet service,No internet service,Month-to-month,Yes,Electronic check,26.05,1391.22,0.3608908210416223,0
C101824,Female,1,Yes,No,42,Yes,No,DSL,Yes,No,No,No,No,No,One year,Yes,Electronic check,61.25,2573.46,0.3892183133655001,0
C101825,Female,1,Yes,No,19,Yes,No,Fiber optic,No,No,Yes,Yes,No,No,Month-to-month,Yes,Electronic check,81.63,1538.87,0.8580841030075038,1
C101826,Male,0,No,Yes,29,Yes,No,Fiber optic,No,Yes,Yes,No,Yes,Yes,Two year,No,Electronic check,89.03,2559.91,0.6684504999853157,1
C101827,Female,0,No,Yes,60,Yes,Yes,DSL,Yes,No,No,No,Yes,No,Two year,Yes,Electronic check,67.48,4026.21,0.47632329542068874,0
C101828,Female,0,No,No,38,Yes,No,Fiber optic,No,Yes,Yes,Yes,No,No,One year,No,Mailed check,83.11,3154.75,0.22993246381693735,0
C101829,Female,0,No,No,5,Yes,Yes,Fiber optic,Yes,No,No,No,Yes,No,One year,Yes,Electronic check,84.48,424.46,0.7555339036651854,1
C101830,Male,0,No,Yes,61,Yes,Yes,DSL,No,No,Yes,No,Yes,No,Two year,Yes,Bank transfer (automatic),62.22,3791.28,0.42568675563028235,0
C101831,Female,0,Yes,No,53,Yes,No,Fiber optic,Yes,No,Yes,Yes,No,No,Month-to-month,No,Mailed check,86.16,4550.04,0.2799352090372744,0
C101832,Female,0,Yes,Yes,19,Yes,Yes,DSL,No,No,No,No,No,Yes,Month-to-month,Yes,Bank transfer (automatic),64.08,1214.78,0.7643369056578605,1
C101833,Male,0,No,No,69,Yes,Yes,Fiber optic,No,Yes,No,No,No,No,Month-to-month,No,Credit card (automatic),77.62,5349.23,0.4223996000153499,0
C101834,Male,0,No,Yes,68,Yes,Yes,Fiber optic,Yes,Yes,No,No,Yes,No,Month-to-month,No,Credit card (automatic),87.69,5942.13,0.41997075243484583,0
C101835,Male,0,No,No,71,Yes,Yes,Fiber optic,No,No,Yes,No,Yes,No,Two year,Yes,Mailed check,79.54,5649.16,0.3748535857163616,0
C101836,Female,0,No,No,27,Yes,No,Fiber optic,No,Yes,Yes,Yes,No,No,Month-to-month,No,Mailed check,81.25,2230.08,0.5550806515937116,1
C101837,Male,0,Yes,Yes,66,No,No phone service,Fiber optic,No,Yes,Yes,Yes,No,Yes,Month-to-month,No,Bank transfer (automatic),83.81,5528.38,0.3546466472421577,0
C101838,Male,0,No,No,58,Yes,No,DSL,Yes,No,No,No,No,No,Month-to-month,No,Mailed check,58.39,3357.6,0.22645905029014468,0
C101839,Female,1,No,Yes,62,Yes,No,Fiber optic,No,No,Yes,No,No,No,One year,Yes,Credit card (automatic),76.02,4742.58,0.3725748946991367,0
C101840,Male,1,Yes,No,39,No,No phone service,DSL,Yes,Yes,No,No,Yes,Yes,Two year,Yes,Bank transfer (automatic),63.29,2493.61,0.4061768873040209,0
C101841,Male,1,No,Yes,20,Yes,No,Fiber optic,No,Yes,Yes,No,No,No,Month-to-month,Yes,Electronic check,77.96,1587.9,0.9055315020445032,1
C101842,Female,1,No,Yes,16,Yes,No,DSL,No,No,No,No,Yes,No,Two year,Yes,Mailed check,59.9,957.53,0.6265539874961749,1
C101843,Female,1,Yes,No,69,Yes,No,Fiber optic,No,No,No,Yes,Yes,No,Month-to-month,Yes,Credit card (automatic),81.28,5592.74,0.5398600429551027,1
C101844,Female,0,No,Yes,36,Yes,No,Fiber optic,Yes,No,No,No,No,No,Two year,No,Bank transfer (automatic),74.15,2651.54,0.3254481816082456,0
C101845,Female,0,No,No,66,Yes,No,DSL,Yes,Yes,Yes,No,Yes,Yes,Two year,Yes,Bank transfer (automatic),83.61,5541.07,0.24115212032865924,0
C101846,Male,0,No,Yes,39,Yes,Yes,DSL,Yes,No,Yes,Yes,Yes,Yes,Month-to-month,No,Bank transfer (automatic),89.82,3535.05,0.39464257053678026,0
C101847,Female,0,Yes,No,38,Yes,No,DSL,No,Yes,No,No,Yes,Yes,Two year,No,Mailed check,71.59,2702.17,0.3114883090292091,0
C101848,Female,0,No,No,5,Yes,No,DSL,No,Yes,No,No,Yes,No,Month-to-month,Yes,Electronic check,63.97,269.44,0.8858881808158265,1
C101849,Male,0,No,No,28,Yes,No,Fiber optic,No,No,No,No,No,Yes,Month-to-month,Yes,Bank transfer (automatic),72.68,2034.6,0.7211273013219387,1
C101850,Male,1,No,Yes,40,Yes,Yes,Fiber optic,Yes,No,Yes,No,No,No,Month-to-month,Yes,Electronic check,78.5,3122.11,0.8203938262101123,1
C101851,Male,0,Yes,Yes,7,Yes,No,Fiber optic,Yes,Yes,Yes,No,Yes,No,Month-to-month,Yes,Bank transfer (automatic),92.62,634.22,0.8459348916336322,1
C101852,Male,1,No,No,11,Yes,No,DSL,No,No,No,No,Yes,No,Two year,Yes,Electronic check,57.33,625.85,0.7454140351380535,1
C101853,Male,0,No,No,42,Yes,Yes,Fiber optic,No,No,Yes,No,No,Yes,One year,No,Credit card (automatic),81.9,3447.96,0.29034915693638874,0
C101854,Male,0,No,No,17,Yes,No,Fiber optic,No,Yes,Yes,No,Yes,Yes,Month-to-month,Yes,Bank transfer (automatic),90.39,1520.98,0.8395694935026633,1
C101855,Female,0,No,Yes,50,Yes,No,DSL,Yes,Yes,No,No,No,No,Two year,Yes,Electronic check,57.5,2877.53,0.4585358593505743,0
C101856,Male,0,Yes,Yes,33,Yes,Yes,DSL,Yes,No,Yes,No,Yes,No,Month-to-month,Yes,Credit card (automatic),69.87,2303.3,0.6602537642009039,1
C101857,Female,0,No,No,29,Yes,No,Fiber optic,No,No,No,No,No,Yes,Month-to-month,Yes,Bank transfer (automatic),72.65,2060.86,0.7404656843740344,1
C101858,Female,0,Yes,No,8,Yes,Yes,DSL,No,No,No,Yes,Yes,Yes,Two year,No,Bank transfer (automatic),74.34,605.59,0.4582038654125001,0
C101859,Female,1,No,No,29,Yes,No,Fiber optic,No,No,No,No,No,No,Month-to-month,No,Electronic check,70.65,2039.73,0.7768393196646738,1
C101860,Female,0,Yes,Yes,39,No,No phone service,Fiber optic,Yes,No,No,No,No,No,Two year,Yes,Bank transfer (automatic),67.57,2609.93,0.43822039075020797,0
C101861,Male,0,No,Yes,41,No,No phone service,No,No internet service,No internet service,No internet service,No internet service,No internet service,No internet service,Month-to-month,Yes,Bank transfer (automatic),18.34,737.47,0.2861185599589945,0
C101862,Female,0,Yes,No,19,Yes,No,DSL,Yes,Yes,Yes,Yes,Yes,No,Month-to-month,No,Mailed check,78.85,1502.13,0.4570779474914791,0
C101863,Male,0,No,No,2,Yes,No,DSL,No,No,Yes,Yes,No,No,Month-to-month,No,Bank transfer (automatic),64.7,130.33,0.5537721720809523,1
C101864,Female,0,No,Yes,67,Yes,Yes,Fiber optic,Yes,Yes,No,No,No,No,Month-to-month,Yes,Electronic check,79.99,5371.96,0.6906153958859044,1
C101865,Male,0,Yes,No,68,Yes,No,Fiber optic,No,No,Yes,Yes,No,Yes,Month-to-month,Yes,Credit card (automatic),87.04,5927.76,0.40240933868399115,0
C101866,Male,0,Yes,No,65,Yes,No,DSL,Yes,No,Yes,Yes,No,No,Month-to-month,Yes,Credit card (automatic),71.12,4599.48,0.25955149514138787,0
C101867,Female,0,No,No,20,Yes,No,Fiber optic,Yes,Yes,No,No,Yes,Yes,Month-to-month,Yes,Electronic check,84.2,1624.84,0.863519242323235,1
C101868,Male,0,No,No,43,Yes,No,DSL,Yes,No,No,Yes,No,Yes,One year,Yes,Electronic check,73.6,3167.16,0.23434661013024508,0
C101869,Female,0,Yes,No,10,Yes,No,Fiber optic,No,No,Yes,No,Yes,Yes,Month-to-month,No,Electronic check,86.32,875.8,0.8612108241664211,1
C101870,Male,0,Yes,No,65,Yes,No,No,No internet service,No internet service,No internet service,No internet service,No internet service,No internet service,Month-to-month,Yes,Credit card (automatic),30.65,1988.0,0.18077090632497325,0
C101871,Male,0,Yes,No,0,Yes,No,Fiber optic,Yes,No,No,No,No,Yes,Month-to-month,No,Electronic check,83.95,0.0,0.7754379798117881,1
C101872,Female,0,No,No,33,Yes,No,Fiber optic,Yes,Yes,Yes,Yes,No,No,Month-to-month,No,Credit card (automatic),84.53,2769.6,0.45238773857311215,0
C101873,Female,0,No,Yes,61,Yes,Yes,No,No internet service,No internet service,No internet service,No internet service,No internet service,No internet service,Month-to-month,No,Credit card (automatic),29.86,1814.62,0.1816411510580469,0
C101874,Male,0,Yes,No,52,Yes,Yes,Fiber optic,No,Yes,No,No,Yes,No,Month-to-month,Yes,Electronic check,82.82,4288.46,0.8212450590746379,1
C101875,Male,0,No,No,62,Yes,No,DSL,Yes,No,Yes,Yes,No,No,Month-to-month,Yes,Credit card (automatic),64.2,3994.13,0.28481644924574284,0
C101876,Male,0,No,No,35,Yes,Yes,Fiber optic,Yes,No,No,No,No,No,Two year,No,Mailed check,77.47,2693.27,0.2846371247211015,0
C101877,Female,0,No,No,6,Yes,No,DSL,Yes,No,No,No,Yes,Yes,Month-to-month,No,Electronic check,74.12,485.89,0.7205585658658733,1
C101878,Female,0,Yes,No,0,Yes,No,DSL,No,Yes,No,No,No,No,Month-to-month,Yes,Credit card (automatic),59.99,0.0,0.7792976571987259,1
C101879,Male,1,Yes,No,10,Yes,No,Fiber optic,No,No,No,No,No,No,One year,No,Mailed check,70.2,717.94,0.4243334520941359,0
C101880,Male,0,Yes,No,4,Yes,No,DSL,No,Yes,No,No,No,No,Month-to-month,No,Electronic check,58.42,223.89,0.7532233054310817,1
C101881,Male,1,Yes,No,32,Yes,No,DSL,No,Yes,No,No,No,Yes,Month-to-month,No,Bank transfer (automatic),63.93,2072.52,0.5415881169346954,1
C101882,Male,0,Yes,No,3,Yes,No,Fiber optic,No,No,No,No,No,No,Month-to-month,Yes,Bank transfer (automatic),68.79,232.35,0.8197625792054201,1
C101883,Female,0,Yes,No,13,No,No phone service,DSL,Yes,No,Yes,Yes,No,Yes,Month-to-month,No,Bank transfer (automatic),66.57,858.96,0.4207761657503842,0
C101884,Female,0,Yes,Yes,30,Yes,Yes,Fiber optic,No,No,Yes,No,No,Yes,Two year,Yes,Mailed check,79.12,2379.18,0.6241402838085132,1
C101885,Male,0,No,No,52,Yes,No,DSL,No,No,No,No,No,Yes,Month-to-month,Yes,Bank transfer (automatic),64.66,3387.68,0.4829650855925262,0
C101886,Female,1,Yes,No,48,No,No phone service,Fiber optic,No,Yes,No,No,No,No,Two year,Yes,Electronic check,62.16,2989.57,0.6718296323944835,1
C101887,Male,0,No,Yes,4,Yes,No,No,No internet service,No internet service,No internet service,No internet service,No internet service,No internet service,Month-to-month,No,Mailed check,31.39,107.16,0.25642961205623677,0
C101888,Male,0,Yes,No,65,Yes,No,DSL,Yes,No,Yes,Yes,No,Yes,One year,Yes,Electronic check,76.2,4954.46,0.16401440727669872,0
C101889,Male,0,No,No,39,Yes,Yes,Fiber optic,No,Yes,Yes,No,Yes,Yes,Month-to-month,Yes,Bank transfer (automatic),90.12,3499.56,0.789115048049318,1
C101890,Male,0,Yes,Yes,25,Yes,No,DSL,No,No,Yes,No,No,No,Two year,Yes,Credit card (automatic),62.23,1558.81,0.477163173952699,0
C101891,Male,0,No,Yes,27,Yes,No,DSL,No,Yes,Yes,No,No,Yes,Month-to-month,Yes,Electronic check,71.7,1920.25,0.8025537709666613,1
C101892,Female,1,No,Yes,61,Yes,No,DSL,Yes,No,Yes,No,Yes,Yes,Month-to-month,Yes,Electronic check,72.07,4403.93,0.6739532791903657,1
C101893,Female,0,Yes,No,33,Yes,No,DSL,No,No,No,No,Yes,No,Month-to-month,Yes,Credit card (automatic),60.82,1971.15,0.6719063233178899,1
C101894,Male,0,No,No,17,Yes,No,DSL,No,No,Yes,No,No,No,Two year,Yes,Electronic check,59.52,989.37,0.6304133506862639,1
C101895,Female,0,Yes,No,30,Yes,Yes,Fiber optic,No,Yes,No,No,Yes,Yes,Month-to-month,Yes,Electronic check,83.82,2498.79,0.9000415972389295,1
C101896,Female,0,No,Yes,4,Yes,No,Fiber optic,No,No,No,No,No,Yes,Month-to-month,Yes,Bank transfer (automatic),70.7,279.59,0.8559636627213325,1
C101897,Female,0,Yes,Yes,11,Yes,Yes,No,No internet service,No internet service,No internet service,No internet service,No internet service,No internet service,Two year,No,Mailed check,30.92,309.83,0.1641778758476984,0
C101898,Female,1,Yes,No,22,Yes,Yes,No,No internet service,No internet service,No internet service,No internet service,No internet service,No internet service,Two year,Yes,Electronic check,29.72,636.1,0.38764965720176775,0
C101899,Male,0,Yes,Yes,15,No,No phone service,Fiber optic,No,No,Yes,No,No,No,One year,No,Credit card (automatic),61.39,936.43,0.4186540732672975,0
C101900,Female,0,No,No,25,Yes,Yes,DSL,No,Yes,No,Yes,No,No,Month-to-month,Yes,Electronic check,64.72,1635.88,0.778640253101243,1
C101901,Female,0,Yes,No,4,Yes,Yes,DSL,Yes,No,No,Yes,No,No,Month-to-month,Yes,Credit card (automatic),68.69,224.1,0.6484094843509871,1
C101902,Female,0,No,No,43,Yes,No,Fiber optic,No,No,Yes,No,No,Yes,Two year,Yes,Credit card (automatic),77.77,3332.35,0.4760103708978366,0
C101903,Male,0,Yes,No,8,Yes,No,Fiber optic,No,No,No,No,No,No,Month-to-month,Yes,Electronic check,72.78,607.78,0.8770593584164437,1
C101904,Male,0,Yes,No,15,Yes,No,DSL,Yes,No,No,Yes,No,No,One year,Yes,Credit card (automatic),66.45,1004.48,0.24223363106700097,0
C101905,Male,0,Yes,No,70,Yes,No,DSL,No,No,Yes,No,Yes,No,One year,No,Bank transfer (automatic),66.99,4697.15,0.1359784629530032,0
C101906,Male,0,No,No,0,Yes,No,Fiber optic,No,No,No,Yes,Yes,No,Two year,Yes,Credit card (automatic),77.78,0.0,0.6672928858793035,1
C101907,Male,0,No,Yes,20,Yes,No,No,No internet service,No internet service,No internet service,No internet service,No internet service,No internet service,Month-to-month,Yes,Bank transfer (automatic),28.43,549.41,0.35737375045449105,0
C101908,Male,1,Yes,Yes,36,Yes,No,Fiber optic,No,Yes,Yes,No,Yes,No,Month-to-month,Yes,Mailed check,84.34,3040.54,0.803903444359722,1
C101909,Female,0,No,No,22,Yes,No,Fiber optic,No,No,Yes,Yes,Yes,No,One year,Yes,Bank transfer (automatic),87.13,1926.35,0.50837946525398,1
C101910,Male,1,Yes,No,23,Yes,No,Fiber optic,No,No,No,No,No,No,Two year,Yes,Bank transfer (automatic),68.38,1574.9,0.6163382765107193,1
C101911,Female,1,Yes,No,9,Yes,Yes,DSL,Yes,No,Yes,No,No,No,Two year,Yes,Bank transfer (automatic),65.75,583.85,0.5814885560151094,1
C101912,Male,0,No,Yes,30,No,No phone service,Fiber optic,No,No,Yes,No,No,Yes,Month-to-month,Yes,Mailed check,69.02,2069.67,0.7194704162049756,1
C101913,Female,0,Yes,Yes,54,Yes,No,Fiber optic,No,No,Yes,No,No,Yes,Month-to-month,No,Credit card (automatic),79.26,4256.99,0.5120664909649657,1
C101914,Male,0,Yes,No,42,No,No phone service,Fiber optic,No,No,Yes,No,No,No,One year,Yes,Electronic check,69.41,2927.52,0.5156297535410791,1
C101915,Female,0,No,No,66,Yes,No,Fiber optic,Yes,No,No,No,No,No,One year,Yes,Credit card (automatic),75.78,4972.98,0.1935933776825532,0
C101916,Male,0,Yes,No,50,Yes,No,DSL,Yes,Yes,No,No,Yes,Yes,Month-to-month,No,Electronic check,76.1,3788.66,0.48838169224914524,0
C101917,Male,0,No,No,56,Yes,No,DSL,No,No,No,No,No,Yes,Month-to-month,Yes,Electronic check,57.85,3253.37,0.6188094961773809,1
C101918,Male,0,No,Yes,31,No,No phone service,DSL,No,No,No,No,No,No,Month-to-month,No,Electronic check,41.91,1305.07,0.6426982096531986,1
C101919,Female,0,No,No,44,Yes,Yes,DSL,No,No,Yes,Yes,No,Yes,Month-to-month,No,Credit card (automatic),73.47,3222.86,0.39201133269450567,0
C101920,Male,1,No,No,41,Yes,No,DSL,No,No,No,No,Yes,No,Month-to-month,Yes,Credit card (automatic),63.83,2582.61,0.6494320633861868,1
C101921,Female,0,No,No,58,Yes,No,Fiber optic,No,No,No,Yes,No,No,Two year,Yes,Mailed check,75.5,4378.2,0.2803510869836002,0
C101922,Female,0,Yes,No,36,Yes,No,Fiber optic,No,No,No,No,No,No,One year,Yes,Credit card (automatic),69.61,2493.33,0.42313053770562203,0
C101923,Male,1,No,No,29,Yes,No,Fiber optic,No,No,No,Yes,No,No,Month-to-month,No,Electronic check,74.14,2159.65,0.692932953041395,1
C101924,Male,0,No,Yes,5,Yes,Yes,Fiber optic,No,Yes,Yes,No,No,No,One year,Yes,Electronic check,76.65,372.9,0.8167051172581481,1
C101925,Male,0,No,No,61,Yes,No,No,No internet service,No internet service,No internet service,No internet service,No internet service,No internet service,Month-to-month,No,Electronic check,31.09,1861.61,0.19619372016045195,0
C101926,Male,1,Yes,No,31,Yes,Yes,No,No internet service,No internet service,No internet service,No internet service,No internet service,No internet service,One year,Yes,Mailed check,32.36,975.61,0.14323035538872372,0
C101927,Male,0,No,No,57,Yes,Yes,DSL,Yes,No,No,No,No,No,Two year,No,Bank transfer (automatic),64.12,3646.02,0.1552212165800738,0
C101928,Male,0,No,No,48,Yes,No,DSL,Yes,Yes,No,No,No,Yes,Month-to-month,No,Electronic check,70.39,3380.73,0.4385337481464697,0
C101929,Female,0,Yes,No,0,Yes,No,DSL,No,No,No,No,No,No,Two year,Yes,Electronic check,52.59,0.0,0.7163315359511171,1
C101930,Male,1,No,Yes,46,Yes,No,No,No internet service,No internet service,No internet service,No internet service,No internet service,No internet service,Month-to-month,Yes,Mailed check,30.56,1390.75,0.279549432021906,0
C101931,Male,0,Yes,No,35,Yes,No,DSL,Yes,No,No,Yes,No,No,One year,Yes,Electronic check,62.77,2212.88,0.28062587859925947,0
C101932,Female,0,Yes,No,17,Yes,No,DSL,No,No,No,Yes,No,Yes,Two year,Yes,Bank transfer (automatic),67.54,1170.44,0.4238177268664084,0
C101933,Female,0,No,Yes,19,Yes,No,Fiber optic,Yes,No,Yes,Yes,No,Yes,One year,Yes,Bank transfer (automatic),90.84,1731.55,0.4100315735643549,0
C101934,Male,0,Yes,No,45,Yes,Yes,Fiber optic,No,No,Yes,No,Yes,No,Month-to-month,Yes,Electronic check,86.85,3902.62,0.8329549299931822,1
C101935,Male,0,Yes,No,6,Yes,No,Fiber optic,Yes,No,Yes,No,No,No,Month-to-month,No,Electronic check,76.83,448.57,0.7623876763955937,1
C101936,Male,0,Yes,No,43,Yes,Yes,Fiber optic,No,No,No,Yes,No,No,Month-to-month,No,Bank transfer (automatic),75.68,3265.14,0.48463481190444924,0
C101937,Female,1,Yes,No,60,No,No phone service,Fiber optic,No,Yes,Yes,No,Yes,Yes,Month-to-month,No,Credit card (automatic),78.97,4731.7,0.574986008292544,1
C101938,Female,0,No,No,6,Yes,No,Fiber optic,Yes,Yes,No,No,No,Yes,Month-to-month,No,Mailed check,86.52,537.54,0.646450928487456,1
C101939,Male,0,No,No,0,Yes,No,DSL,No,No,No,No,No,No,Month-to-month,Yes,Bank transfer (automatic),48.01,0.0,0.7405996080346686,1
C101940,Male,0,No,No,4,Yes,Yes,Fiber optic,No,No,No,No,No,Yes,One year,Yes,Credit card (automatic),81.19,332.96,0.6284833560130766,1
C101941,Male,0,Yes,No,52,Yes,No,Fiber optic,No,No,No,No,No,No,Month-to-month,No,Credit card (automatic),69.48,3602.93,0.45102762401612406,0
C101942,Female,0,No,Yes,61,Yes,Yes,DSL,No,Yes,Yes,No,Yes,No,Month-to-month,No,Electronic check,69.15,4209.45,0.6670703168909707,1
C101943,Male,0,No,No,71,Yes,Yes,No,No internet service,No internet service,No internet service,No internet service,No internet service,No internet service,One year,No,Credit card (automatic),32.08,2244.83,0.04240272931811327,0
C101944,Male,0,No,No,2,Yes,No,No,No internet service,No internet service,No internet service,No internet service,No internet service,No internet service,Month-to-month,Yes,Bank transfer (automatic),28.15,55.24,0.3835763665997073,0
C101945,Male,0,Yes,No,34,Yes,No,Fiber optic,No,Yes,No,Yes,Yes,No,One year,Yes,Bank transfer (automatic),82.94,2818.19,0.4278877193364381,0
C101946,Male,0,Yes,No,3,Yes,No,No,No internet service,No internet service,No internet service,No internet service,No internet service,No internet service,One year,Yes,Bank transfer (automatic),25.15,47.91,0.16435891249712475,0
C101947,Female,0,No,Yes,26,Yes,No,DSL,No,No,No,No,No,Yes,Month-to-month,Yes,Mailed check,62.83,1680.76,0.6509767829868213,1
C101948,Male,0,No,No,22,Yes,No,DSL,No,No,No,No,Yes,No,Month-to-month,Yes,Credit card (automatic),59.6,1322.35,0.6944127712166184,1
C101949,Male,1,Yes,Yes,43,Yes,No,DSL,No,Yes,No,Yes,No,No,One year,Yes,Electronic check,64.02,2736.11,0.44131591395998104,0
C101950,Female,0,No,Yes,65,Yes,No,Fiber optic,No,Yes,No,Yes,No,No,Month-to-month,Yes,Mailed check,82.11,5378.36,0.48185653982386784,0
C101951,Female,1,Yes,No,57,Yes,No,Fiber optic,No,Yes,No,No,Yes,No,Month-to-month,Yes,Electronic check,80.14,4558.04,0.820421548838733,1
C101952,Male,1,Yes,Yes,4,Yes,Yes,No,No internet service,No internet service,No internet service,No internet service,No internet service,No internet service,Two year,Yes,Bank transfer (automatic),29.1,133.01,0.33204266221164247,0
C101953,Male,0,No,No,17,No,No phone service,Fiber optic,No,No,No,No,Yes,No,Two year,No,Electronic check,67.68,1152.35,0.6438828711321367,1
C101954,Female,1,No,No,19,Yes,No,Fiber optic,No,No,No,No,No,Yes,Month-to-month,No,Mailed check,79.71,1505.25,0.6767209898297116,1
C101955,Male,0,Yes,No,18,Yes,Yes,DSL,No,No,No,No,No,No,Month-to-month,Yes,Credit card (automatic),59.26,1059.9,0.7050063469792347,1
C101956,Female,0,No,No,25,Yes,Yes,DSL,Yes,No,No,No,No,Yes,Two year,No,Electronic check,66.84,1699.67,0.420686260652206,0
C101957,Female,0,No,No,43,Yes,Yes,Fiber optic,No,No,No,Yes,No,No,Month-to-month,Yes,Electronic check,75.32,3256.2,0.765031289283347,1
C101958,Female,0,Yes,No,53,Yes,No,Fiber optic,No,Yes,No,No,Yes,No,One year,No,Bank transfer (automatic),77.75,4118.12,0.29552997096008615,0
C101959,Male,0,No,No,67,Yes,No,DSL,No,Yes,No,Yes,No,No,Month-to-month,No,Mailed check,65.26,4331.25,0.2160544349513486,0
C101960,Female,0,No,No,50,Yes,No,No,No internet service,No internet service,No internet service,No internet service,No internet service,No internet service,Month-to-month,Yes,Electronic check,33.57,1684.37,0.3583743535161604,0
C101961,Female,0,No,No,21,Yes,No,Fiber optic,No,No,Yes,Yes,No,No,Month-to-month,Yes,Electronic check,78.1,1615.2,0.8236947379640474,1
C101962,Male,0,No,No,13,Yes,No,DSL,No,No,Yes,No,No,No,Two year,No,Electronic check,57.38,756.68,0.5121981393635402,1
C101963,Female,0,No,No,27,Yes,Yes,No,No internet service,No internet service,No internet service,No internet service,No internet service,No internet service,Month-to-month,No,Electronic check,35.55,945.67,0.3668967044002409,0
C101964,Female,0,Yes,Yes,57,Yes,No,Fiber optic,Yes,No,No,Yes,No,Yes,Two year,Yes,Credit card (automatic),85.91,4884.96,0.2528826193813325,0
C101965,Female,0,Yes,Yes,71,Yes,No,Fiber optic,No,No,No,Yes,No,Yes,One year,Yes,Electronic check,86.28,6113.47,0.30903793277811425,0
C101966,Male,0,No,No,28,Yes,Yes,DSL,No,No,No,Yes,Yes,Yes,Two year,Yes,Mailed check,75.63,2138.04,0.4130369661162091,0
C101967,Male,0,No,No,12,Yes,Yes,DSL,No,Yes,Yes,No,No,No,Two year,No,Electronic check,68.92,791.71,0.6045956548133901,1
C101968,Female,0,Yes,No,0,Yes,No,DSL,Yes,No,No,No,No,Yes,Month-to-month,Yes,Credit card (automatic),66.96,0.0,0.6849863955730152,1
C101969,Male,0,Yes,No,5,Yes,No,Fiber optic,No,No,No,Yes,Yes,No,Month-to-month,Yes,Credit card (automatic),83.77,425.68,0.8009205981528719,1
C101970,Female,0,No,No,45,Yes,No,Fiber optic,Yes,No,No,No,No,Yes,Month-to-month,Yes,Mailed check,80.56,3623.63,0.5232239791602925,1
C101971,Female,0,Yes,No,42,Yes,Yes,No,No internet service,No internet service,No internet service,No internet service,No internet service,No internet service,Month-to-month,Yes,Bank transfer (automatic),32.72,1365.31,0.3174868629975311,0
C101972,Female,0,Yes,No,46,No,No phone service,No,No internet service,No internet service,No internet service,No internet service,No internet service,No internet service,Month-to-month,Yes,Electronic check,21.05,977.91,0.38229347616179554,0
C101973,Male,0,No,No,1,Yes,Yes,DSL,No,Yes,No,No,No,No,One year,No,Electronic check,64.0,55.19,0.5608210143198953,1
C101974,Female,0,No,Yes,31,Yes,No,No,No internet service,No internet service,No internet service,No internet service,No internet service,No internet service,Two year,No,Mailed check,31.32,961.79,0.09994571588309391,0
C101975,Male,0,No,Yes,12,Yes,No,DSL,No,No,Yes,No,Yes,No,Month-to-month,Yes,Bank transfer (automatic),60.58,728.25,0.7896304873647115,1
C101976,Female,0,No,No,24,Yes,No,DSL,Yes,No,No,Yes,Yes,No,Month-to-month,No,Electronic check,72.64,1777.86,0.5541350271827886,1
C101977,Male,0,Yes,Yes,44,Yes,No,Fiber optic,No,No,No,Yes,No,No,One year,No,Mailed check,74.36,3241.52,0.1903353911203106,0
C101978,Male,0,No,No,19,Yes,Yes,No,No internet service,No internet service,No internet service,No internet service,No internet service,No internet service,One year,Yes,Bank transfer (automatic),31.64,611.08,0.15838573222353375,0
C101979,Female,0,Yes,No,47,Yes,No,No,No internet service,No internet service,No internet service,No internet service,No internet service,No internet service,Two year,Yes,Credit card (automatic),31.14,1460.9,0.12668534011733076,0
C101980,Female,0,Yes,Yes,20,Yes,No,Fiber optic,No,No,Yes,No,No,No,Month-to-month,Yes,Credit card (automatic),78.24,1560.48,0.804940445252865,1
C101981,Female,0,No,Yes,36,Yes,No,DSL,No,Yes,Yes,Yes,No,No,Month-to-month,No,Bank transfer (automatic),68.42,2432.58,0.4694968718177097,0
C101982,Male,0,No,No,33,Yes,No,DSL,No,Yes,No,No,Yes,Yes,Two year,No,Bank transfer (automatic),75.93,2470.65,0.33781012416092165,0
C101983,Female,0,No,No,27,Yes,Yes,DSL,No,No,Yes,Yes,Yes,No,Month-to-month,Yes,Bank transfer (automatic),71.26,1930.75,0.698677661041088,1
C101984,Female,0,Yes,No,9,Yes,No,Fiber optic,No,Yes,No,No,No,No,Two year,Yes,Mailed check,77.08,668.33,0.659159485352693,1
C101985,Female,0,No,Yes,41,Yes,No,Fiber optic,No,No,No,No,No,Yes,Month-to-month,Yes,Bank transfer (automatic),77.08,3180.47,0.709147569276216,1
C101986,Female,1,No,No,71,Yes,Yes,DSL,Yes,No,No,No,No,Yes,Month-to-month,Yes,Electronic check,69.52,4915.7,0.5592798754704263,1
C101987,Male,0,No,No,46,Yes,No,Fiber optic,Yes,No,No,No,No,No,One year,No,Credit card (automatic),78.46,3620.08,0.15888213100327578,0
C101988,Male,0,No,No,53,No,No phone service,Fiber optic,Yes,Yes,Yes,Yes,No,No,One year,No,Electronic check,77.41,4091.14,0.20516083020261777,0
C101989,Female,0,Yes,No,57,Yes,Yes,Fiber optic,Yes,Yes,Yes,Yes,No,No,Month-to-month,Yes,Electronic check,95.19,5413.57,0.6292344180322638,1
C101990,Female,1,No,Yes,2,No,No phone service,Fiber optic,No,No,Yes,No,No,Yes,Two year,Yes,Electronic check,69.48,120.68,0.8591708974366655,1
C101991,Male,0,No,No,57,Yes,No,DSL,Yes,Yes,Yes,No,No,No,Two year,Yes,Credit card (automatic),66.39,3793.24,0.22981302898039227,0
C101992,Male,1,No,No,17,Yes,No,Fiber optic,No,Yes,No,No,Yes,Yes,Two year,Yes,Electronic check,82.68,1419.93,0.8265261320144167,1
C101993,Female,0,No,No,47,Yes,No,Fiber optic,Yes,No,No,No,No,Yes,Two year,Yes,Bank transfer (automatic),84.96,3986.97,0.3424070582936604,0
C101994,Female,0,No,No,70,Yes,Yes,DSL,No,Yes,Yes,No,Yes,No,Two year,Yes,Electronic check,74.85,5251.54,0.5025186363306247,1
C101995,Male,0,Yes,Yes,64,Yes,No,DSL,No,Yes,No,Yes,No,Yes,One year,No,Bank transfer (automatic),69.8,4467.76,0.11025078685655518,0
C101996,Female,0,Yes,Yes,29,Yes,No,No,No internet service,No internet service,No internet service,No internet service,No internet service,No internet service,One year,Yes,Bank transfer (automatic),31.36,882.86,0.1454173389173419,0
C101997,Female,0,No,Yes,60,Yes,Yes,Fiber optic,Yes,Yes,Yes,Yes,No,No,Two year,No,Credit card (automatic),92.32,5546.56,0.2026221022404738,0
C101998,Male,1,No,No,44,Yes,No,DSL,No,No,Yes,Yes,No,Yes,Two year,No,Electronic check,70.12,3079.17,0.3218659661411782,0
C101999,Male,0,No,Yes,9,Yes,No,Fiber optic,No,Yes,No,No,No,Yes,One year,Yes,Electronic check,82.41,689.42,0.7494768758107856,1
C102000,Female,1,Yes,No,17,Yes,Yes,Fiber optic,No,No,Yes,No,No,Yes,Month-to-month,No,Electronic check,81.44,1376.6,0.8623170239982966,1
C102001,Male,0,Yes,Yes,68,Yes,No,DSL,No,No,Yes,No,Yes,Yes,Month-to-month,Yes,Mailed check,65.52,4421.55,0.49333147720699916,0
C102002,Male,0,No,No,65,Yes,No,DSL,No,No,No,No,No,No,Two year,Yes,Credit card (automatic),55.65,3592.59,0.24622034186179018,0
C102003,Male,0,No,No,64,No,No phone service,No,No internet service,No internet service,No internet service,No internet service,No internet service,No internet service,Two year,Yes,Electronic check,20.17,1285.7,0.1595882746363973,0
C102004,Female,0,Yes,No,27,Yes,No,Fiber optic,Yes,No,No,Yes,No,No,Month-to-month,Yes,Credit card (automatic),79.52,2145.45,0.5830541314595942,1
C102005,Male,0,No,Yes,23,Yes,No,DSL,No,Yes,No,Yes,No,Yes,Two year,No,Electronic check,68.77,1564.98,0.43588323505809173,0
C102006,Male,0,Yes,No,58,Yes,No,Fiber optic,Yes,Yes,No,Yes,Yes,No,Month-to-month,No,Credit card (automatic),87.1,5062.43,0.3202393656027541,0
C102007,Male,0,No,Yes,1,No,No phone service,Fiber optic,No,No,Yes,Yes,No,No,Month-to-month,No,Bank transfer (automatic),69.09,66.8,0.7022322901622345,1
C102008,Female,0,Yes,No,64,Yes,No,Fiber optic,No,No,No,No,No,Yes,Two year,Yes,Credit card (automatic),73.81,4715.48,0.34819160712105424,0
C102009,Female,0,Yes,No,43,Yes,No,DSL,No,No,No,Yes,No,Yes,Two year,No,Bank transfer (automatic),69.41,2985.54,0.18812216374402815,0
C102010,Male,0,Yes,No,45,No,No phone service,DSL,No,No,Yes,No,No,Yes,One year,No,Bank transfer (automatic),56.29,2557.21,0.17467245502384837,0
C102011,Male,0,No,Yes,31,Yes,No,DSL,No,No,Yes,No,No,No,Two year,No,Electronic check,57.79,1748.44,0.46294855109277877,0
C102012,Male,0,No,No,70,Yes,No,No,No internet service,No internet service,No internet service,No internet service,No internet service,No internet service,Two year,No,Mailed check,31.31,2217.47,0.042968810561141525,0
C102013,Female,0,No,No,53,Yes,No,Fiber optic,No,No,No,No,No,No,Two year,Yes,Credit card (automatic),69.73,3683.43,0.41004370348712377,0
C102014,Female,0,No,No,3,Yes,No,Fiber optic,No,No,Yes,Yes,No,Yes,Two year,Yes,Electronic check,85.33,240.4,0.7633253057807632,1
C102015,Male,0,Yes,No,37,Yes,No,DSL,Yes,No,Yes,No,Yes,Yes,Month-to-month,Yes,Credit card (automatic),75.86,2798.89,0.5390356203871348,1
C102016,Male,0,Yes,No,61,No,No phone service,Fiber optic,Yes,No,Yes,Yes,No,Yes,Month-to-month,Yes,Electronic check,85.43,5193.39,0.4956346371183196,0
C102017,Female,0,No,Yes,5,No,No phone service,Fiber optic,No,No,No,Yes,Yes,No,Month-to-month,No,Mailed check,73.61,347.24,0.715924428535591,1
C102018,Female,1,Yes,No,53,Yes,Yes,Fiber optic,No,No,Yes,No,Yes,Yes,Month-to-month,No,Bank transfer (automatic),88.25,4694.39,0.6450503284343555,1
C102019,Male,0,No,No,17,Yes,No,DSL,Yes,No,No,No,No,No,Month-to-month,No,Electronic check,62.23,1061.18,0.5793223378924929,1
C102020,Male,1,No,No,36,Yes,No,Fiber optic,No,No,Yes,No,No,No,Month-to-month,Yes,Bank transfer (automatic),76.14,2702.85,0.7364372904105974,1
C102021,Female,0,No,Yes,63,Yes,No,DSL,Yes,No,No,No,No,No,Month-to-month,Yes,Credit card (automatic),60.65,3834.39,0.39841711695809273,0
C102022,Female,0,Yes,No,35,Yes,Yes,DSL,No,No,Yes,Yes,No,Yes,One year,Yes,Electronic check,73.18,2571.82,0.4523091037918742,0
C102023,Female,0,No,No,2,Yes,No,Fiber optic,No,No,No,No,Yes,No,Month-to-month,No,Electronic check,75.01,120.34,0.8730812440148934,1
C102024,Male,0,Yes,Yes,1,Yes,No,DSL,Yes,Yes,No,Yes,Yes,No,Month-to-month,No,Electronic check,73.31,76.92,0.7217386232001249,1
C102025,Male,0,Yes,No,53,Yes,No,DSL,Yes,No,No,No,Yes,No,Month-to-month,No,Bank transfer (automatic),66.45,3534.32,0.3183366629455847,0
C102026,Female,0,No,No,67,No,No phone service,No,No internet service,No internet service,No internet service,No internet service,No internet service,No internet service,Month-to-month,No,Bank transfer (automatic),18.48,1205.76,0.1313609302904495,0
C102027,Female,0,No,No,21,Yes,No,DSL,Yes,Yes,Yes,No,No,No,One year,Yes,Credit card (automatic),66.91,1410.78,0.34348875235752646,0
C102028,Female,0,No,No,67,Yes,Yes,Fiber optic,No,No,No,Yes,No,No,Two year,Yes,Mailed check,80.56,5384.02,0.2735772105974844,0
C102029,Male,0,Yes,No,32,Yes,Yes,Fiber optic,No,Yes,No,No,No,Yes,One year,No,Electronic check,87.22,2801.82,0.5008855802527804,1
C102030,Female,0,No,No,4,Yes,Yes,Fiber optic,Yes,No,Yes,Yes,Yes,No,One year,Yes,Electronic check,94.94,361.07,0.7173524153112905,1
C102031,Male,0,No,No,38,Yes,Yes,DSL,No,No,No,No,Yes,No,Two year,Yes,Electronic check,63.74,2442.86,0.6214310831963012,1
C102032,Male,0,No,No,70,Yes,No,Fiber optic,No,Yes,No,Yes,Yes,No,One year,Yes,Bank transfer (automatic),85.95,6011.85,0.22621447958928476,0
C102033,Female,0,No,No,18,Yes,Yes,Fiber optic,No,No,No,No,No,No,Month-to-month,Yes,Credit card (automatic),75.84,1352.91,0.8103729992568612,1
C102034,Female,0,Yes,Yes,69,Yes,No,DSL,Yes,No,No,Yes,Yes,No,Month-to-month,No,Electronic check,72.97,5020.43,0.3452538705979879,0
C102035,Female,0,No,Yes,46,Yes,No,Fiber optic,Yes,Yes,No,No,Yes,No,One year,Yes,Credit card (automatic),85.48,3949.76,0.38778924900894896,0
C102036,Female,0,No,No,28,Yes,No,No,No internet service,No internet service,No internet service,No internet service,No internet service,No internet service,One year,Yes,Mailed check,30.66,844.06,0.11094723325286714,0
C102037,Male,0,No,No,49,Yes,No,DSL,No,Yes,No,Yes,No,Yes,Two year,No,Credit card (automatic),67.43,3325.2,0.16613669052834115,0
C102038,Female,0,No,No,28,Yes,No,DSL,No,No,No,No,Yes,Yes,Month-to-month,Yes,Credit card (automatic),67.98,1907.6,0.6873365431932938,1
C102039,Male,0,No,Yes,6,Yes,No,Fiber optic,No,No,Yes,No,No,No,Two year,No,Credit card (automatic),71.81,403.16,0.5646853739410357,1
C102040,Male,0,No,No,62,Yes,No,Fiber optic,No,No,No,Yes,No,No,Month-to-month,No,Mailed check,76.99,4773.65,0.28470084982379146,0
C102041,Female,0,No,No,26,Yes,No,Fiber optic,Yes,Yes,Yes,Yes,Yes,No,Two year,Yes,Electronic check,93.16,2423.15,0.643920068861683,1
C102042,Female,0,Yes,No,40,No,No phone service,DSL,Yes,Yes,No,No,Yes,No,Month-to-month,Yes,Electronic check,61.48,2430.75,0.7072720305350235,1
C102043,Female,0,Yes,Yes,53,Yes,No,DSL,Yes,No,Yes,No,Yes,No,Month-to-month,Yes,Electronic check,69.62,3689.88,0.670249912952156,1
C102044,Male,0,No,No,5,Yes,Yes,Fiber optic,No,Yes,No,No,Yes,Yes,Month-to-month,Yes,Bank transfer (automatic),86.14,441.53,0.8928220074534698,1
C102045,Female,1,No,No,51,Yes,No,No,No internet service,No internet service,No internet service,No internet service,No internet service,No internet service,Month-to-month,Yes,Credit card (automatic),29.27,1515.5,0.2761149892013367,0
C102046,Male,0,No,No,26,Yes,No,DSL,Yes,No,No,Yes,No,No,Month-to-month,Yes,Bank transfer (automatic),71.51,1881.07,0.4455838769908685,0
C102047,Female,0,No,Yes,39,Yes,Yes,Fiber optic,Yes,Yes,No,No,No,No,Two year,Yes,Mailed check,76.32,3024.16,0.49150870302417016,0
C102048,Female,0,No,Yes,32,Yes,Yes,DSL,Yes,No,Yes,No,No,Yes,Month-to-month,No,Electronic check,73.42,2349.32,0.6349464083048385,1
C102049,Female,0,Yes,No,55,Yes,Yes,DSL,Yes,No,No,No,No,Yes,Month-to-month,Yes,Bank transfer (automatic),66.47,3667.12,0.4624815711260593,0
C102050,Male,1,Yes,No,13,Yes,Yes,Fiber optic,No,No,No,Yes,Yes,Yes,Month-to-month,Yes,Electronic check,94.44,1215.62,0.9050450192939862,1
C102051,Male,0,No,No,7,Yes,Yes,DSL,No,Yes,No,Yes,No,Yes,One year,Yes,Electronic check,76.04,569.97,0.593546222248951,1
C102052,Male,0,No,Yes,29,Yes,No,Fiber optic,No,No,No,No,Yes,No,Month-to-month,No,Electronic check,76.46,2199.66,0.791862017977214,1
C102053,Female,1,No,No,8,Yes,No,DSL,No,No,Yes,No,No,No,Month-to-month,Yes,Credit card (automatic),61.29,527.13,0.7744237800406513,1
C102054,Female,0,No,No,17,No,No phone service,Fiber optic,No,No,No,No,No,No,Two year,Yes,Mailed check,60.61,1064.61,0.5710545341195647,1
C102055,Male,0,No,Yes,47,Yes,No,DSL,No,Yes,No,No,Yes,No,Month-to-month,No,Credit card (automatic),65.02,3040.02,0.49887737955995903,0
C102056,Female,0,No,No,58,Yes,Yes,Fiber optic,Yes,Yes,No,Yes,No,No,Two year,No,Mailed check,86.5,5037.89,0.16606830637122202,0
C102057,Female,0,No,No,49,No,No phone service,No,No internet service,No internet service,No internet service,No internet service,No internet service,No internet service,Month-to-month,No,Bank transfer (automatic),19.1,944.92,0.16064789970812365,0
C102058,Male,0,Yes,No,22,Yes,Yes,Fiber optic,Yes,No,Yes,No,Yes,No,One year,No,Credit card (automatic),86.84,1902.24,0.3756110832422043,0
C102059,Male,0,No,No,58,Yes,No,Fiber optic,No,No,Yes,No,Yes,Yes,One year,Yes,Credit card (automatic),86.03,4986.78,0.3291603577427164,0
C102060,Female,1,No,No,29,Yes,No,No,No internet service,No internet service,No internet service,No internet service,No internet service,No internet service,Month-to-month,Yes,Electronic check,25.27,738.13,0.5051383661855463,1
C102061,Female,1,Yes,No,13,Yes,No,DSL,No,No,Yes,No,Yes,Yes,One year,Yes,Electronic check,73.57,963.68,0.7061575055456788,1
C102062,Male,0,No,Yes,54,Yes,No,Fiber optic,No,No,No,No,Yes,No,Month-to-month,No,Electronic check,80.87,4396.71,0.6668039384305958,1
C102063,Female,0,No,No,37,Yes,No,Fiber optic,Yes,No,No,No,Yes,No,Month-to-month,No,Mailed check,79.92,2968.44,0.49603647885701857,0
C102064,Female,0,No,Yes,26,Yes,No,No,No internet service,No internet service,No internet service,No internet service,No internet service,No internet service,Two year,No,Electronic check,32.94,840.97,0.19748715348619456,0
C102065,Female,0,No,No,47,Yes,No,DSL,Yes,No,No,Yes,No,No,Two year,Yes,Bank transfer (automatic),65.66,3101.12,0.20626556933315832,0
C102066,Female,0,Yes,No,52,Yes,No,DSL,Yes,No,Yes,No,Yes,No,Month-to-month,No,Mailed check,68.49,3526.75,0.33043610365106735,0
C102067,Female,0,Yes,No,16,No,No phone service,DSL,No,Yes,Yes,No,No,Yes,One year,No,Credit card (automatic),58.05,921.0,0.3188513881958103,0
C102068,Male,0,Yes,No,8,Yes,Yes,DSL,No,Yes,Yes,No,Yes,Yes,Month-to-month,Yes,Credit card (automatic),78.21,619.91,0.8282605471009972,1
C102069,Male,0,Yes,No,37,Yes,No,DSL,Yes,No,Yes,No,Yes,No,Month-to-month,Yes,Bank transfer (automatic),68.2,2536.45,0.557442743678783,1
C102070,Male,0,No,Yes,3,Yes,No,No,No internet service,No internet service,No internet service,No internet service,No internet service,No internet service,Month-to-month,Yes,Bank transfer (automatic),31.52,129.96,0.41679363629071847,0
C102071,Female,0,No,No,45,Yes,No,DSL,Yes,No,No,Yes,Yes,No,One year,Yes,Electronic check,70.7,3185.93,0.30340756388298795,0
C102072,Male,0,No,Yes,31,Yes,Yes,DSL,Yes,No,No,No,Yes,No,One year,No,Electronic check,66.32,2048.6,0.38435667445129823,0
C102073,Male,0,Yes,No,15,Yes,Yes,DSL,Yes,Yes,No,No,Yes,No,Month-to-month,Yes,Mailed check,72.95,1080.29,0.7004176075005416,1
C102074,Female,0,Yes,No,43,Yes,No,Fiber optic,No,Yes,Yes,No,Yes,No,Two year,No,Credit card (automatic),82.27,3554.1,0.4279404546977292,0
C102075,Male,1,Yes,Yes,27,No,No phone service,Fiber optic,No,No,Yes,No,Yes,No,One year,Yes,Electronic check,69.18,1864.01,0.7435982426551977,1
C102076,Male,0,No,No,27,Yes,No,DSL,No,No,No,No,No,No,Month-to-month,Yes,Mailed check,54.86,1471.27,0.5876881666684904,1
C102077,Male,1,Yes,No,15,No,No phone service,Fiber optic,No,No,Yes,No,No,No,Month-to-month,No,Credit card (automatic),60.65,928.79,0.7066071332794363,1
C102078,Male,0,No,No,48,Yes,Yes,Fiber optic,No,Yes,No,Yes,Yes,No,One year,Yes,Electronic check,92.65,4470.45,0.5171496844615824,1
C102079,Male,0,No,No,65,Yes,Yes,DSL,No,No,No,No,No,No,Month-to-month,No,Credit card (automatic),60.03,3882.87,0.3342153248891344,0
C102080,Female,1,No,Yes,44,No,No phone service,Fiber optic,No,No,No,No,No,No,Month-to-month,No,Credit card (automatic),58.42,2540.76,0.6174015168571062,1
C102081,Male,0,Yes,No,17,Yes,No,DSL,No,No,Yes,No,No,No,Month-to-month,No,Electronic check,58.95,1000.23,0.6875351220140243,1
C102082,Male,0,Yes,Yes,60,Yes,No,Fiber optic,Yes,Yes,No,No,No,No,Month-to-month,Yes,Bank transfer (automatic),80.59,4812.56,0.516233766962578,1
C102083,Female,0,No,No,8,Yes,No,No,No internet service,No internet service,No internet service,No internet service,No internet service,No internet service,Month-to-month,No,Electronic check,30.52,218.63,0.38866027141291437,0
C102084,Male,0,No,Yes,20,Yes,No,No,No internet service,No internet service,No internet service,No internet service,No internet service,No internet service,One year,Yes,Mailed check,34.7,673.18,0.1279922124604778,0
C102085,Female,0,Yes,No,2,Yes,No,DSL,Yes,No,No,Yes,No,No,One year,No,Credit card (automatic),65.4,151.74,0.21226330907672117,0
C102086,Female,0,No,No,61,Yes,No,Fiber optic,Yes,Yes,Yes,Yes,No,No,Two year,Yes,Electronic check,91.97,5623.33,0.3524814292533238,0
C102087,Female,1,No,Yes,3,Yes,Yes,DSL,No,No,No,No,Yes,No,Two year,Yes,Credit card (automatic),60.66,231.14,0.7542708871588079,1
C102088,Male,0,No,No,39,Yes,No,Fiber optic,No,Yes,No,No,No,No,Month-to-month,Yes,Credit card (automatic),71.05,2758.03,0.68644303464291,1
C102089,Male,0,Yes,No,13,Yes,No,Fiber optic,Yes,No,Yes,No,No,Yes,Month-to-month,No,Bank transfer (automatic),89.21,1186.34,0.6014771674849237,1
C102090,Female,0,Yes,Yes,15,Yes,No,DSL,No,Yes,No,Yes,No,Yes,Month-to-month,Yes,Mailed check,69.92,1058.67,0.6674373502929549,1
C102091,Male,0,Yes,No,43,Yes,No,No,No internet service,No internet service,No internet service,No internet service,No internet service,No internet service,Two year,No,Electronic check,27.08,1153.37,0.1301674733554394,0
C102092,Female,0,Yes,No,57,Yes,No,Fiber optic,No,No,Yes,No,No,Yes,Month-to-month,No,Mailed check,79.88,4550.27,0.42459217558827583,0
C102093,Male,0,No,No,1,Yes,No,DSL,No,No,Yes,No,No,No,Month-to-month,Yes,Electronic check,62.16,50.94,0.8424776342366952,1
C102094,Male,0,No,No,11,Yes,Yes,Fiber optic,No,Yes,Yes,Yes,No,Yes,One year,Yes,Electronic check,91.09,1007.18,0.7058049405942459,1
C102095,Female,0,No,No,20,Yes,No,Fiber optic,Yes,Yes,No,No,No,No,Month-to-month,No,Electronic check,78.9,1597.65,0.7269620498809314,1
C102096,Female,0,No,No,67,Yes,Yes,DSL,No,No,No,No,No,Yes,Two year,Yes,Bank transfer (automatic),59.36,3970.0,0.3123255358307396,0
C102097,Female,0,Yes,Yes,4,Yes,Yes,Fiber optic,Yes,No,No,No,No,Yes,Month-to-month,Yes,Electronic check,82.83,348.28,0.9019206353205026,1
C102098,Female,0,Yes,Yes,12,Yes,No,Fiber optic,No,No,No,No,No,No,Month-to-month,No,Electronic check,72.49,895.34,0.8294698333340148,1
C102099,Male,0,No,Yes,29,Yes,No,No,No internet service,No internet service,No internet service,No internet service,No internet service,No internet service,Two year,Yes,Bank transfer (automatic),28.04,843.01,0.17562893373200333,0
C102100,Female,0,No,No,23,Yes,No,DSL,Yes,No,Yes,No,No,No,Month-to-month,No,Electronic check,60.82,1375.41,0.59895367539581,1
C102101,Female,0,No,No,3,Yes,No,Fiber optic,Yes,Yes,No,Yes,Yes,No,Month-to-month,No,Electronic check,89.06,266.2,0.7970105973146102,1
C102102,Male,0,Yes,No,38,Yes,No,Fiber optic,No,No,No,Yes,No,No,One year,Yes,Electronic check,74.48,2844.27,0.4529839442756288,0
C102103,Male,0,Yes,Yes,43,Yes,No,No,No internet service,No internet service,No internet service,No internet service,No internet service,No internet service,One year,Yes,Electronic check,31.91,1350.47,0.1759381615376499,0
C102104,Female,0,Yes,No,12,Yes,No,DSL,No,Yes,No,Yes,No,Yes,Month-to-month,Yes,Electronic check,71.95,837.2,0.789962902674073,1
C102105,Male,0,No,No,49,Yes,No,Fiber optic,No,No,No,No,No,No,Month-to-month,Yes,Electronic check,71.43,3499.66,0.7361089355352043,1
C102106,Female,0,No,No,4,Yes,Yes,Fiber optic,No,No,No,No,Yes,Yes,Month-to-month,Yes,Mailed check,85.07,332.03,0.8774694698690989,1
C102107,Male,0,No,Yes,52,Yes,No,DSL,Yes,No,No,No,Yes,Yes,Month-to-month,No,Electronic check,70.45,3659.97,0.49216235457862184,0
C102108,Male,0,No,No,18,Yes,No,Fiber optic,No,Yes,No,No,Yes,Yes,Month-to-month,Yes,Electronic check,84.06,1503.64,0.8942606828144174,1
C102109,Male,0,Yes,Yes,16,Yes,No,Fiber optic,Yes,Yes,No,No,Yes,Yes,Month-to-month,Yes,Bank transfer (automatic),92.08,1516.49,0.8011807191585422,1
C102110,Male,0,No,Yes,14,Yes,Yes,Fiber optic,Yes,No,Yes,Yes,No,No,One year,No,Bank transfer (automatic),91.97,1278.38,0.331603771547479,0
C102111,Female,0,Yes,No,62,Yes,No,Fiber optic,No,Yes,No,Yes,No,No,One year,Yes,Mailed check,77.65,4825.9,0.2224253388545232,0
C102112,Female,0,No,No,36,Yes,No,DSL,No,No,No,No,No,Yes,Month-to-month,Yes,Credit card (automatic),58.46,2114.75,0.5958812819620583,1
C102113,Female,0,No,No,49,Yes,Yes,Fiber optic,No,No,No,No,No,No,Month-to-month,No,Credit card (automatic),70.16,3404.08,0.5516598297238365,1
C102114,Female,0,No,No,14,Yes,No,DSL,No,Yes,No,No,No,No,Month-to-month,No,Bank transfer (automatic),61.08,884.43,0.6057049994431598,1
C102115,Male,0,Yes,No,4,Yes,Yes,Fiber optic,No,No,Yes,No,No,Yes,Month-to-month,Yes,Mailed check,82.89,344.09,0.8410308455264832,1
C102116,Female,0,No,Yes,2,Yes,No,Fiber optic,No,No,Yes,No,No,No,Two year,Yes,Electronic check,75.39,153.92,0.8377317877349599,1
C102117,Female,0,No,No,31,Yes,No,DSL,Yes,No,Yes,Yes,No,Yes,Month-to-month,Yes,Mailed check,74.73,2337.78,0.42900195374680367,0
C102118,Female,0,Yes,No,23,Yes,No,No,No internet service,No internet service,No internet service,No internet service,No internet service,No internet service,Two year,Yes,Bank transfer (automatic),31.55,724.59,0.18195751308121202,0
C102119,Female,0,Yes,Yes,55,Yes,Yes,Fiber optic,No,No,No,No,No,No,One year,Yes,Credit card (automatic),72.28,3993.09,0.4085851879393318,0
C102120,Female,1,No,No,56,Yes,No,DSL,No,Yes,No,No,No,No,Two year,Yes,Credit card (automatic),55.14,3050.19,0.3865905907369069,0
C102121,Female,0,Yes,No,22,Yes,No,DSL,No,No,No,No,Yes,Yes,Two year,No,Electronic check,69.31,1541.11,0.5393814717751169,1
C102122,Female,1,Yes,Yes,31,Yes,No,Fiber optic,No,No,No,Yes,No,Yes,Two year,Yes,Credit card (automatic),81.91,2542.87,0.5425116791889033,1
C102123,Female,0,Yes,No,27,No,No phone service,No,No internet service,No internet service,No internet service,No internet service,No internet service,No internet service,One year,No,Credit card (automatic),19.22,523.04,0.07321493422075177,0
C102124,Female,0,Yes,No,48,No,No phone service,DSL,No,No,No,No,No,Yes,Month-to-month,Yes,Bank transfer (automatic),51.7,2464.91,0.5461046148073689,1
C102125,Male,0,No,No,45,Yes,Yes,No,No internet service,No internet service,No internet service,No internet service,No internet service,No internet service,One year,Yes,Credit card (automatic),29.39,1318.15,0.1078237741561657,0
C102126,Male,0,No,No,46,Yes,No,DSL,No,No,Yes,Yes,Yes,No,Month-to-month,Yes,Electronic check,72.08,3310.57,0.6509930526079133,1
C102127,Female,1,Yes,No,3,Yes,No,Fiber optic,No,No,Yes,Yes,No,No,Month-to-month,Yes,Mailed check,78.51,212.75,0.813721272378761,1
C102128,Male,0,No,No,24,Yes,No,DSL,No,No,Yes,No,No,No,Two year,No,Credit card (automatic),58.61,1413.8,0.31070382092517135,0
C102129,Male,1,Yes,No,69,Yes,No,DSL,No,No,No,No,No,Yes,One year,Yes,Electronic check,63.85,4436.99,0.312704999494414,0
C102130,Female,0,Yes,No,24,Yes,Yes,No,No internet service,No internet service,No internet service,No internet service,No internet service,No internet service,Month-to-month,No,Bank transfer (automatic),34.61,802.11,0.25976373286646864,0
C102131,Female,1,Yes,No,12,Yes,Yes,DSL,No,Yes,Yes,No,Yes,Yes,Two year,No,Credit card (automatic),77.56,940.51,0.6039979018537206,1
C102132,Female,1,No,Yes,14,Yes,No,No,No internet service,No internet service,No internet service,No internet service,No internet service,No internet service,Month-to-month,Yes,Credit card (automatic),29.75,408.05,0.44560102483232206,0
C102133,Male,0,No,No,1,Yes,No,DSL,No,No,No,Yes,Yes,Yes,Two year,Yes,Electronic check,66.6,55.88,0.6860822820952406,1
C102134,Male,0,No,Yes,56,Yes,Yes,DSL,Yes,No,No,Yes,No,No,One year,No,Bank transfer (automatic),66.95,3750.43,0.10175579732696047,0
C102135,Female,0,Yes,No,0,Yes,No,No,No internet service,No internet service,No internet service,No internet service,No internet service,No internet service,Month-to-month,Yes,Electronic check,30.42,0.0,0.5618083973680416,1
C102136,Female,0,Yes,No,42,Yes,No,Fiber optic,No,No,No,No,No,No,Month-to-month,Yes,Credit card (automatic),68.09,2863.46,0.6722372688480251,1
C102137,Male,1,Yes,No,28,Yes,No,DSL,No,No,Yes,No,No,No,Two year,No,Mailed check,55.68,1536.53,0.3229261572670002,0
C102138,Female,0,No,No,6,Yes,No,Fiber optic,Yes,Yes,No,No,Yes,No,Month-to-month,Yes,Bank transfer (automatic),86.2,539.0,0.8303136327692252,1
C102139,Male,0,Yes,No,63,Yes,No,DSL,Yes,No,Yes,Yes,Yes,Yes,Two year,No,Credit card (automatic),85.27,5373.39,0.0959095200796149,0
C102140,Female,0,No,No,53,Yes,No,Fiber optic,No,No,No,No,Yes,No,Month-to-month,Yes,Bank transfer (automatic),74.2,3944.29,0.6756597163862829,1
C102141,Female,0,No,No,59,Yes,No,DSL,Yes,No,No,Yes,No,No,Month-to-month,No,Bank transfer (automatic),68.19,4047.36,0.19906583909768283,0
C102142,Female,1,No,No,67,Yes,No,Fiber optic,No,No,No,Yes,No,Yes,One year,Yes,Mailed check,83.81,5576.98,0.20558370434749385,0
C102143,Female,0,No,No,65,Yes,No,DSL,Yes,No,No,No,Yes,No,Month-to-month,Yes,Bank transfer (automatic),63.56,4143.88,0.42055546941086985,0
C102144,Male,0,Yes,Yes,50,Yes,Yes,Fiber optic,Yes,No,No,Yes,No,No,Month-to-month,No,Bank transfer (automatic),82.18,4105.76,0.3821401164531897,0
C102145,Male,1,No,No,38,Yes,No,No,No internet service,No internet service,No internet service,No internet service,No internet service,No internet service,One year,Yes,Credit card (automatic),34.51,1331.67,0.11259000301931049,0
C102146,Male,0,Yes,No,50,Yes,Yes,Fiber optic,Yes,No,Yes,No,No,No,Month-to-month,Yes,Electronic check,79.21,3944.35,0.7119679743634603,1
C102147,Female,0,No,No,32,Yes,No,DSL,No,No,No,No,No,No,Month-to-month,No,Electronic check,53.48,1729.99,0.6284503331665446,1
C102148,Female,0,No,No,13,Yes,No,DSL,No,No,No,No,Yes,Yes,Two year,Yes,Mailed check,71.91,913.79,0.548406048204205,1
C102149,Female,0,Yes,No,27,Yes,No,DSL,No,No,No,No,No,No,Month-to-month,Yes,Electronic check,53.58,1454.65,0.7693608577311174,1
C102150,Male,0,No,No,33,Yes,No,Fiber optic,No,No,No,No,No,No,One year,No,Credit card (automatic),73.38,2427.31,0.2766730671945708,0
C102151,Male,0,Yes,Yes,3,Yes,Yes,DSL,No,No,No,No,Yes,No,One year,No,Bank transfer (automatic),61.44,181.23,0.4876027463181291,0
C102152,Female,0,Yes,No,61,Yes,No,Fiber optic,Yes,Yes,No,No,Yes,Yes,One year,Yes,Electronic check,91.35,5551.44,0.39948812881821544,0
C102153,Female,1,No,No,65,Yes,No,DSL,Yes,No,Yes,No,No,No,Month-to-month,No,Bank transfer (automatic),66.71,4329.09,0.2877478749338298,0
C102154,Female,1,No,No,30,Yes,Yes,No,No internet service,No internet service,No internet service,No internet service,No internet service,No internet service,Two year,No,Electronic check,31.83,973.4,0.2350853248050217,0
C102155,Male,0,No,No,35,Yes,Yes,Fiber optic,No,Yes,Yes,No,Yes,No,Month-to-month,Yes,Bank transfer (automatic),87.25,3083.48,0.804318340162156,1
C102156,Male,0,No,Yes,60,Yes,No,Fiber optic,Yes,No,No,No,No,No,Two year,No,Electronic check,76.86,4650.75,0.2951716042331175,0
C102157,Female,0,No,No,32,Yes,No,No,No internet service,No internet service,No internet service,No internet service,No internet service,No internet service,Two year,Yes,Electronic check,27.75,898.38,0.2557354098092587,0
C102158,Female,0,Yes,No,49,Yes,No,No,No internet service,No internet service,No internet service,No internet service,No internet service,No internet service,One year,No,Electronic check,35.6,1749.47,0.09145766244656686,0
C102159,Male,0,Yes,No,37,No,No phone service,Fiber optic,No,Yes,Yes,Yes,No,No,Month-to-month,No,Mailed check,76.59,2842.97,0.45834061467978426,0
C102160,Female,0,No,No,19,Yes,No,Fiber optic,No,Yes,Yes,Yes,Yes,No,Month-to-month,Yes,Bank transfer (automatic),89.11,1731.6,0.8010699973844699,1
C102161,Male,0,Yes,No,57,Yes,No,Fiber optic,No,No,No,No,No,No,Month-to-month,Yes,Bank transfer (automatic),69.41,3966.95,0.5753220205266291,1
C102162,Male,0,No,No,13,Yes,No,Fiber optic,No,Yes,Yes,No,No,No,One year,Yes,Electronic check,82.78,1077.87,0.7082788889315974,1
C102163,Female,0,Yes,Yes,16,Yes,No,DSL,No,Yes,Yes,Yes,No,Yes,Month-to-month,Yes,Bank transfer (automatic),74.11,1180.3,0.7112191002996952,1
C102164,Female,0,Yes,Yes,49,Yes,Yes,Fiber optic,No,No,No,No,Yes,No,Month-to-month,No,Mailed check,77.82,3809.96,0.6190303735957995,1
C102165,Female,0,No,No,51,Yes,No,Fiber optic,No,Yes,No,Yes,No,No,Month-to-month,No,Credit card (automatic),82.87,4233.86,0.41239658549531044,0
C102166,Male,0,No,No,68,Yes,Yes,DSL,No,Yes,No,No,No,No,Month-to-month,No,Electronic check,58.5,3962.88,0.505726034579225,1
C102167,Female,0,No,No,51,No,No phone service,DSL,No,Yes,No,No,Yes,No,Month-to-month,Yes,Bank transfer (automatic),54.8,2782.48,0.6201341589938079,1
C102168,Female,0,No,No,1,Yes,Yes,Fiber optic,No,Yes,No,No,No,No,Month-to-month,Yes,Bank transfer (automatic),77.21,75.93,0.8847328611672232,1
C102169,Female,1,Yes,Yes,61,Yes,Yes,DSL,No,Yes,No,No,No,Yes,Month-to-month,No,Bank transfer (automatic),66.24,4031.65,0.5089508575077478,1
C102170,Male,1,No,Yes,29,Yes,No,Fiber optic,No,No,Yes,Yes,No,Yes,Month-to-month,Yes,Mailed check,82.09,2392.42,0.7078176045538324,1
C102171,Female,0,Yes,No,0,Yes,Yes,Fiber optic,No,No,Yes,No,Yes,Yes,Month-to-month,Yes,Electronic check,89.17,0.0,0.9470380928143589,1
C102172,Female,0,No,No,41,Yes,No,DSL,Yes,No,Yes,No,Yes,No,One year,Yes,Electronic check,71.72,2945.79,0.40957322621015485,0
C102173,Female,0,Yes,No,12,Yes,No,DSL,No,No,No,Yes,No,No,Two year,No,Credit card (automatic),59.3,721.43,0.3079343708422199,0
C102174,Male,0,No,No,29,No,No phone service,DSL,No,Yes,Yes,Yes,No,No,Month-to-month,No,Bank transfer (automatic),56.05,1627.82,0.4357393839370654,0
C102175,Female,0,Yes,No,33,Yes,Yes,DSL,No,No,No,No,Yes,No,One year,Yes,Bank transfer (automatic),67.14,2139.78,0.45346334642585634,0
C102176,Male,0,No,No,5,Yes,No,Fiber optic,Yes,No,No,Yes,Yes,No,Month-to-month,No,Bank transfer (automatic),88.32,424.08,0.6216280422600591,1
C102177,Male,1,No,Yes,61,Yes,No,Fiber optic,No,Yes,No,No,No,No,One year,No,Electronic check,73.1,4472.97,0.38401769285442083,0
C102178,Female,1,No,No,36,Yes,Yes,Fiber optic,No,Yes,Yes,No,No,No,Month-to-month,No,Electronic check,83.3,2982.1,0.8126513082641511,1
C102179,Male,0,Yes,No,69,Yes,No,DSL,No,No,No,Yes,Yes,No,Two year,Yes,Bank transfer (automatic),67.6,4681.81,0.21255346296431013,0
C102180,Female,0,No,Yes,33,Yes,No,Fiber optic,Yes,Yes,No,No,No,No,One year,Yes,Electronic check,83.47,2772.84,0.5537600833378699,1
C102181,Male,0,Yes,Yes,42,Yes,No,DSL,Yes,Yes,Yes,No,No,No,One year,Yes,Credit card (automatic),69.66,2920.43,0.2555800922563695,0
C102182,Female,1,Yes,No,58,No,No phone service,Fiber optic,Yes,No,No,No,Yes,No,Month-to-month,No,Electronic check,67.53,3904.66,0.6173004872395785,1
C102183,Female,0,Yes,No,15,Yes,No,DSL,Yes,No,Yes,No,Yes,No,Two year,Yes,Bank transfer (automatic),68.35,1025.49,0.5054395334020929,1
C102184,Female,0,Yes,No,65,Yes,No,Fiber optic,No,Yes,Yes,Yes,No,Yes,Month-to-month,Yes,Electronic check,88.47,5749.85,0.6309916003609356,1
C102185,Male,0,No,No,13,Yes,No,Fiber optic,No,No,Yes,No,No,No,Month-to-month,Yes,Credit card (automatic),74.77,984.6,0.7865374687805146,1
C102186,Male,0,Yes,No,71,Yes,Yes,DSL,No,Yes,Yes,Yes,Yes,No,One year,Yes,Credit card (automatic),77.24,5437.31,0.19929884631889627,0
C102187,Male,0,Yes,No,46,Yes,No,No,No internet service,No internet service,No internet service,No internet service,No internet service,No internet service,One year,No,Electronic check,27.18,1235.68,0.0922886561517435,0
C102188,Male,0,No,No,37,Yes,No,DSL,No,Yes,Yes,No,No,Yes,Two year,Yes,Mailed check,70.47,2587.25,0.37351734254666047,0
C102189,Female,0,No,Yes,15,Yes,No,DSL,No,No,No,No,No,No,One year,No,Credit card (automatic),57.5,812.14,0.32164882702649056,0
C102190,Male,0,No,No,40,Yes,No,Fiber optic,Yes,No,No,Yes,No,No,One year,No,Bank transfer (automatic),80.74,3219.83,0.14348393207735557,0
C102191,Male,0,No,No,39,Yes,Yes,Fiber optic,No,No,No,No,No,No,Month-to-month,No,Electronic check,73.52,2837.43,0.7132883258072436,1
C102192,Male,0,Yes,No,70,Yes,No,DSL,No,No,No,No,No,Yes,Month-to-month,Yes,Credit card (automatic),58.58,4092.93,0.3981428889526771,0
C102193,Male,0,No,No,60,Yes,Yes,DSL,No,No,No,No,No,Yes,Month-to-month,No,Mailed check,62.69,3751.86,0.33165880565272277,0
C102194,Female,1,Yes,No,34,Yes,No,DSL,No,No,Yes,No,Yes,Yes,One year,No,Electronic check,69.8,2382.13,0.46133987230506646,0
C102195,Female,0,Yes,Yes,28,Yes,No,Fiber optic,No,No,Yes,Yes,No,No,One year,No,Credit card (automatic),81.4,2274.1,0.3075624419104663,0
C102196,Male,0,Yes,No,27,Yes,Yes,Fiber optic,No,No,Yes,Yes,No,No,Month-to-month,Yes,Credit card (automatic),83.64,2224.45,0.7085257464739648,1
C102197,Female,0,No,No,27,Yes,No,DSL,No,No,No,Yes,No,No,One year,Yes,Electronic check,60.18,1631.68,0.42759648260290756,0
C102198,Female,0,Yes,Yes,0,Yes,No,DSL,No,Yes,No,No,Yes,Yes,Month-to-month,Yes,Mailed check,70.08,0.0,0.8345053455297711,1
C102199,Male,0,No,No,2,Yes,No,No,No internet service,No internet service,No internet service,No internet service,No internet service,No internet service,Month-to-month,Yes,Electronic check,25.08,71.66,0.5233256120408041,1
C102200,Male,0,Yes,No,54,Yes,No,No,No internet service,No internet service,No internet service,No internet service,No internet service,No internet service,Two year,No,Credit card (automatic),34.01,1850.38,0.05983031550839827,0
C102201,Male,0,Yes,Yes,18,Yes,No,DSL,No,No,No,No,No,No,Month-to-month,Yes,Credit card (automatic),49.79,892.25,0.6967573555941222,1
C102202,Male,0,Yes,Yes,29,Yes,No,Fiber optic,Yes,Yes,Yes,No,No,No,Month-to-month,No,Credit card (automatic),84.05,2427.77,0.5667583124298905,1
C102203,Male,0,Yes,No,50,No,No phone service,DSL,No,No,No,No,Yes,No,One year,No,Electronic check,51.09,2543.51,0.29858518696332176,0
C102204,Male,1,Yes,Yes,43,Yes,Yes,DSL,No,No,No,No,No,No,Month-to-month,Yes,Electronic check,57.34,2470.25,0.7957399744662952,1
C102205,Female,0,No,Yes,25,Yes,Yes,Fiber optic,No,No,Yes,Yes,No,No,Month-to-month,Yes,Bank transfer (automatic),82.98,2051.77,0.777694392666618,1
C102206,Male,1,No,No,54,Yes,No,No,No internet service,No internet service,No internet service,No internet service,No internet service,No internet service,One year,Yes,Electronic check,28.34,1534.9,0.16105645164665103,0
C102207,Female,1,Yes,No,11,Yes,No,DSL,Yes,Yes,Yes,Yes,No,No,Month-to-month,Yes,Electronic check,75.63,818.68,0.777858426330969,1
C102208,Male,0,No,No,34,Yes,No,Fiber optic,No,No,Yes,No,No,Yes,Two year,No,Electronic check,76.72,2574.06,0.5159192537214128,1
C102209,Male,0,Yes,No,7,Yes,No,Fiber optic,No,No,No,Yes,No,No,Two year,Yes,Bank transfer (automatic),76.82,524.18,0.5761171002611832,1
C102210,Female,0,Yes,No,38,Yes,Yes,Fiber optic,Yes,No,No,No,Yes,Yes,Month-to-month,Yes,Bank transfer (automatic),88.31,3380.64,0.7086012046134583,1
C102211,Female,0,Yes,No,6,Yes,No,Fiber optic,No,No,Yes,Yes,No,No,Two year,Yes,Credit card (automatic),78.93,476.36,0.6166993883547279,1
C102212,Female,0,No,No,67,Yes,No,Fiber optic,No,Yes,No,No,No,No,Month-to-month,No,Electronic check,73.0,4819.97,0.5731028069883042,1
C102213,Male,0,Yes,No,47,Yes,Yes,No,No internet service,No internet service,No internet service,No internet service,No internet service,No internet service,Month-to-month,No,Credit card (automatic),32.59,1518.1,0.17175640877861964,0
C102214,Male,0,No,No,17,Yes,No,DSL,Yes,No,No,No,Yes,Yes,One year,No,Mailed check,73.26,1263.41,0.21542960530168317,0
C102215,Male,0,Yes,No,44,Yes,Yes,Fiber optic,Yes,No,No,No,No,No,One year,Yes,Electronic check,77.91,3422.1,0.45500676822688424,0
C102216,Male,0,No,No,25,Yes,No,DSL,No,Yes,No,No,No,No,Month-to-month,Yes,Bank transfer (automatic),61.33,1543.79,0.658082630933965,1
C102217,Female,0,Yes,No,37,Yes,No,Fiber optic,No,No,No,No,No,No,Month-to-month,No,Credit card (automatic),72.61,2678.75,0.5578661399509793,1
C102218,Male,0,No,No,12,No,No phone service,DSL,No,No,Yes,Yes,No,No,Month-to-month,Yes,Electronic check,55.77,672.94,0.746851198021295,1
C102219,Male,1,No,No,36,Yes,No,Fiber optic,No,No,Yes,No,No,No,Month-to-month,Yes,Credit card (automatic),75.71,2726.14,0.7264786962934751,1
C102220,Female,0,Yes,No,7,Yes,No,Fiber optic,No,No,No,Yes,No,Yes,Month-to-month,No,Bank transfer (automatic),87.06,596.52,0.6614184335535194,1
C102221,Male,0,Yes,No,11,Yes,Yes,DSL,No,Yes,No,Yes,No,No,Two year,Yes,Bank transfer (automatic),64.47,720.56,0.5192413830034588,1
C102222,Male,0,No,No,42,Yes,No,DSL,Yes,No,Yes,No,Yes,Yes,Two year,Yes,Credit card (automatic),78.69,3335.63,0.30701452144355257,0
C102223,Male,0,No,Yes,36,Yes,No,DSL,No,No,No,Yes,No,Yes,Month-to-month,No,Bank transfer (automatic),70.86,2558.73,0.3863735773822421,0
C102224,Male,0,No,Yes,21,Yes,Yes,Fiber optic,No,Yes,Yes,Yes,No,No,Month-to-month,Yes,Bank transfer (automatic),88.08,1851.85,0.7947746056854236,1
C102225,Female,0,Yes,Yes,4,Yes,No,DSL,No,No,Yes,No,No,No,Month-to-month,Yes,Electronic check,63.76,238.18,0.8698594803659317,1
C102226,Female,0,No,No,30,Yes,No,Fiber optic,No,No,No,No,No,No,Month-to-month,Yes,Bank transfer (automatic),74.43,2251.8,0.7278011218913474,1
C102227,Female,1,Yes,No,66,Yes,Yes,Fiber optic,Yes,No,No,No,No,Yes,One year,Yes,Credit card (automatic),83.16,5478.17,0.2622009534800806,0
C102228,Male,1,Yes,Yes,50,Yes,No,No,No internet service,No internet service,No internet service,No internet service,No internet service,No internet service,One year,Yes,Credit card (automatic),29.35,1478.66,0.1149909093816445,0
C102229,Female,0,No,No,4,Yes,No,Fiber optic,No,No,Yes,Yes,Yes,No,Month-to-month,No,Credit card (automatic),87.33,364.54,0.7369594548053459,1
C102230,Female,0,No,Yes,67,Yes,No,DSL,No,No,No,No,Yes,Yes,Two year,No,Credit card (automatic),65.44,4404.21,0.21919942567092324,0
C102231,Male,0,No,Yes,30,No,No phone service,No,No internet service,No internet service,No internet service,No internet service,No internet service,No internet service,Two year,No,Bank transfer (automatic),26.78,823.46,0.09991249874729204,0
C102232,Female,0,No,No,41,Yes,Yes,Fiber optic,Yes,No,No,No,Yes,No,Month-to-month,No,Credit card (automatic),85.97,3544.25,0.5456226609412985,1
C102233,Male,0,Yes,No,0,Yes,No,Fiber optic,No,No,Yes,No,No,Yes,Two year,Yes,Electronic check,80.12,0.0,0.8086944421788492,1
C102234,Female,0,No,No,22,No,No phone service,Fiber optic,No,No,Yes,Yes,Yes,No,Month-to-month,Yes,Mailed check,72.47,1577.26,0.7357148297278548,1
C102235,Female,0,Yes,No,56,No,No phone service,DSL,No,No,No,No,No,No,Two year,Yes,Bank transfer (automatic),45.63,2527.82,0.3223876488733941,0
C102236,Male,0,Yes,No,23,Yes,No,Fiber optic,No,No,Yes,No,No,Yes,One year,Yes,Bank transfer (automatic),77.04,1743.03,0.4978912328345407,0
C102237,Male,0,Yes,Yes,11,Yes,No,Fiber optic,Yes,No,Yes,Yes,Yes,No,Month-to-month,Yes,Bank transfer (automatic),92.9,1052.4,0.7595627550638082,1
C102238,Male,0,No,No,6,No,No phone service,DSL,Yes,No,Yes,Yes,No,No,Month-to-month,Yes,Credit card (automatic),53.74,302.75,0.5577501186044581,1
C102239,Female,0,No,No,66,Yes,No,DSL,Yes,No,Yes,No,Yes,No,One year,No,Credit card (automatic),73.46,4825.78,0.10552246828673845,0
C102240,Male,0,Yes,Yes,58,Yes,No,DSL,Yes,No,No,Yes,No,No,Two year,Yes,Credit card (automatic),64.94,3765.38,0.17311034439528247,0
C102241,Female,0,No,No,3,Yes,No,Fiber optic,Yes,Yes,Yes,Yes,Yes,No,Two year,No,Credit card (automatic),90.77,257.39,0.5057128108211476,1
C102242,Male,1,No,No,66,Yes,No,DSL,No,Yes,No,No,Yes,Yes,Month-to-month,Yes,Credit card (automatic),70.96,4728.53,0.5357658940248088,1
C102243,Male,0,No,No,59,Yes,No,Fiber optic,Yes,No,No,Yes,Yes,Yes,Two year,Yes,Bank transfer (automatic),93.04,5484.01,0.23736779767231286,0
C102244,Female,0,No,No,25,Yes,No,Fiber optic,No,Yes,Yes,Yes,No,Yes,Month-to-month,No,Electronic check,89.84,2254.88,0.7266943550788595,1
C102245,Female,0,Yes,No,47,Yes,No,DSL,Yes,No,Yes,No,Yes,Yes,Month-to-month,Yes,Credit card (automatic),79.45,3718.51,0.5012794543466349,1
C102246,Female,0,No,Yes,18,Yes,No,DSL,Yes,Yes,No,No,No,No,Month-to-month,Yes,Electronic check,64.95,1135.9,0.7826847189114192,1
C102247,Male,0,No,No,17,Yes,No,DSL,No,Yes,No,No,No,Yes,Two year,Yes,Bank transfer (automatic),66.99,1124.26,0.503928633154203,1
C102248,Male,0,No,No,51,Yes,No,DSL,No,No,No,Yes,No,Yes,One year,No,Electronic check,66.38,3370.93,0.18136211816835882,0
C102249,Male,1,No,Yes,14,Yes,No,Fiber optic,No,No,No,Yes,Yes,Yes,Month-to-month,Yes,Bank transfer (automatic),89.07,1232.45,0.8308145452201294,1
C102250,Female,0,Yes,Yes,25,Yes,Yes,Fiber optic,Yes,Yes,No,No,No,No,One year,Yes,Electronic check,78.73,1936.22,0.6664428629674124,1
C102251,Female,0,Yes,No,25,Yes,Yes,Fiber optic,No,No,Yes,No,Yes,No,Two year,Yes,Bank transfer (automatic),83.65,2093.85,0.7025764424388546,1
C102252,Male,0,No,Yes,10,Yes,No,No,No internet service,No internet service,No internet service,No internet service,No internet service,No internet service,Month-to-month,Yes,Credit card (automatic),28.1,274.31,0.38217284843669014,0
C102253,Female,0,Yes,No,59,Yes,No,DSL,Yes,Yes,Yes,No,No,No,Month-to-month,No,Electronic check,71.3,4175.81,0.4225278124800049,0
C102254,Male,0,Yes,No,48,Yes,No,Fiber optic,No,Yes,No,Yes,No,No,Month-to-month,Yes,Electronic check,80.19,3851.19,0.6955161067664644,1
C102255,Female,0,No,Yes,62,No,No phone service,Fiber optic,No,No,Yes,Yes,No,Yes,Month-to-month,Yes,Credit card (automatic),77.66,4829.99,0.5122731992753023,1
C102256,Female,0,No,No,37,Yes,Yes,Fiber optic,No,No,No,Yes,Yes,No,Month-to-month,No,Electronic check,85.66,3193.22,0.7241671602142659,1
C102257,Female,0,No,Yes,12,Yes,No,DSL,No,No,Yes,No,No,Yes,One year,No,Bank transfer (automatic),69.52,785.78,0.3628193331183286,0
C102258,Male,0,No,No,20,Yes,Yes,DSL,No,No,Yes,No,No,No,Month-to-month,Yes,Credit card (automatic),58.1,1147.36,0.7128614857474226,1
C102259,Female,0,No,No,25,Yes,No,Fiber optic,Yes,No,No,Yes,Yes,Yes,Two year,Yes,Bank transfer (automatic),92.72,2290.47,0.46316015353332507,0
C102260,Male,1,No,Yes,67,Yes,No,Fiber optic,Yes,No,No,No,No,No,Two year,No,Electronic check,72.6,4851.14,0.31810904026622333,0
C102261,Female,0,No,No,17,Yes,No,DSL,No,Yes,No,No,Yes,No,Month-to-month,Yes,Bank transfer (automatic),59.88,1045.66,0.772456020677102,1
C102262,Male,1,Yes,No,49,Yes,No,DSL,No,Yes,Yes,No,No,No,Month-to-month,Yes,Credit card (automatic),60.44,2946.89,0.6043194568853065,1
C102263,Female,1,No,No,8,Yes,Yes,Fiber optic,Yes,Yes,Yes,No,No,No,Month-to-month,No,Mailed check,88.93,701.94,0.7439903035483381,1
C102264,Male,1,Yes,No,68,Yes,Yes,Fiber optic,Yes,No,No,Yes,Yes,No,One year,Yes,Bank transfer (automatic),89.92,6098.29,0.21983022717739104,0
C102265,Male,0,Yes,No,46,Yes,No,Fiber optic,No,No,Yes,No,Yes,Yes,Month-to-month,Yes,Electronic check,85.45,3963.24,0.7976381911983155,1
C102266,Female,0,Yes,No,31,Yes,Yes,DSL,Yes,Yes,No,Yes,No,No,One year,Yes,Credit card (automatic),74.93,2276.95,0.2608600204219797,0
C102267,Female,0,No,Yes,24,Yes,No,DSL,No,Yes,No,Yes,No,No,One year,Yes,Electronic check,65.29,1555.8,0.513751744346264,1
C102268,Male,0,No,No,25,Yes,Yes,Fiber optic,No,Yes,Yes,Yes,Yes,Yes,One year,Yes,Electronic check,100.53,2496.02,0.6794918068484085,1
C102269,Female,0,No,Yes,16,Yes,No,Fiber optic,Yes,No,Yes,No,Yes,Yes,Month-to-month,Yes,Electronic check,91.81,1434.49,0.8832152931460204,1
C102270,Male,0,No,No,43,Yes,Yes,DSL,No,No,No,Yes,No,Yes,Two year,Yes,Credit card (automatic),71.36,3090.38,0.2998475712130517,0
C102271,Male,1,No,No,62,Yes,No,Fiber optic,No,No,No,No,Yes,No,Two year,Yes,Bank transfer (automatic),74.88,4606.24,0.453200457020747,0
C102272,Male,0,Yes,No,17,Yes,No,Fiber optic,No,No,Yes,No,Yes,No,One year,Yes,Electronic check,82.62,1395.31,0.71984866103392,1
C102273,Male,0,No,No,53,Yes,Yes,Fiber optic,Yes,Yes,No,No,No,No,Month-to-month,Yes,Electronic check,78.97,4183.82,0.7064256239535547,1
C102274,Male,0,No,Yes,40,Yes,No,DSL,Yes,No,Yes,No,No,Yes,One year,No,Credit card (automatic),69.79,2776.38,0.15157109366643431,0
C102275,Male,0,No,No,55,Yes,Yes,Fiber optic,No,No,No,No,No,No,Two year,No,Electronic check,75.74,4131.14,0.4269761168699617,0
C102276,Male,0,Yes,No,55,No,No phone service,No,No internet service,No internet service,No internet service,No internet service,No internet service,No internet service,Month-to-month,Yes,Bank transfer (automatic),19.61,1075.45,0.21856469675620477,0
C102277,Male,0,Yes,No,2,Yes,Yes,DSL,No,Yes,Yes,No,Yes,Yes,One year,Yes,Bank transfer (automatic),76.92,138.61,0.6484598729012431,1
C102278,Male,0,No,No,1,Yes,No,DSL,No,No,No,No,No,Yes,Month-to-month,Yes,Credit card (automatic),66.72,82.89,0.7290147478545683,1
C102279,Female,0,Yes,Yes,65,Yes,Yes,DSL,Yes,No,No,No,No,No,Month-to-month,No,Bank transfer (automatic),66.55,4335.84,0.31074990182274687,0
C102280,Female,0,Yes,No,11,Yes,No,DSL,No,Yes,Yes,No,No,No,Two year,Yes,Credit card (automatic),63.35,735.78,0.5715384321620107,1
C102281,Male,0,Yes,Yes,41,No,No phone service,No,No internet service,No internet service,No internet service,No internet service,No internet service,No internet service,Two year,Yes,Electronic check,17.57,722.73,0.2413119302684196,0
C102282,Male,0,Yes,Yes,54,No,No phone service,No,No internet service,No internet service,No internet service,No internet service,No internet service,No internet service,Month-to-month,No,Mailed check,15.0,821.79,0.1447185670622946,0
C102283,Female,0,Yes,No,36,Yes,No,DSL,No,No,No,Yes,No,No,Month-to-month,No,Electronic check,62.77,2252.6,0.5255667367668035,1
C102284,Female,0,No,No,0,Yes,Yes,No,No internet service,No internet service,No internet service,No internet service,No internet service,No internet service,Month-to-month,No,Mailed check,36.16,0.0,0.30570411245877094,0
C102285,Female,0,No,Yes,0,Yes,No,DSL,Yes,No,Yes,No,Yes,No,Month-to-month,Yes,Bank transfer (automatic),70.99,0.0,0.7894208941707235,1
C102286,Female,0,No,Yes,48,Yes,No,Fiber optic,No,No,No,No,No,Yes,One year,No,Bank transfer (automatic),71.72,3440.66,0.27930958669192923,0
C102287,Female,0,Yes,No,64,Yes,No,Fiber optic,No,No,No,No,No,Yes,Month-to-month,Yes,Credit card (automatic),76.4,4900.46,0.5384658625869537,1
C102288,Female,0,Yes,Yes,24,No,No phone service,DSL,Yes,Yes,No,No,Yes,Yes,One year,No,Credit card (automatic),64.78,1541.89,0.27841437385584494,0
C102289,Male,0,Yes,Yes,39,Yes,No,Fiber optic,No,No,No,Yes,No,Yes,Month-to-month,Yes,Electronic check,82.4,3203.77,0.745452964228814,1
C102290,Male,1,Yes,Yes,67,Yes,No,Fiber optic,No,Yes,Yes,No,No,No,One year,No,Bank transfer (automatic),82.86,5562.32,0.23136756804349878,0
C102291,Male,0,Yes,Yes,59,Yes,No,DSL,No,Yes,Yes,No,Yes,No,Month-to-month,No,Bank transfer (automatic),70.97,4202.08,0.4524151982894622,0
C102292,Male,1,No,No,38,Yes,No,No,No internet service,No internet service,No internet service,No internet service,No internet service,No internet service,Two year,No,Credit card (automatic),31.44,1206.67,0.09366783573902844,0
C102293,Female,0,No,No,47,Yes,No,DSL,Yes,Yes,No,No,Yes,No,Month-to-month,No,Electronic check,69.89,3283.07,0.5390024249213248,1
C102294,Female,0,No,No,69,Yes,No,DSL,No,No,No,No,Yes,No,Month-to-month,Yes,Bank transfer (automatic),62.04,4285.91,0.49377191137028875,0
C102295,Female,0,Yes,No,57,Yes,No,No,No internet service,No internet service,No internet service,No internet service,No internet service,No internet service,One year,Yes,Mailed check,28.19,1626.18,0.07509463145427485,0
C102296,Male,0,Yes,No,29,No,No phone service,Fiber optic,No,No,No,No,No,Yes,Month-to-month,Yes,Electronic check,67.39,1932.35,0.8118831010428567,1
C102297,Male,1,Yes,No,49,Yes,Yes,DSL,No,No,No,Yes,No,Yes,Month-to-month,No,Bank transfer (automatic),69.52,3406.34,0.3900403625973329,0
C102298,Male,0,Yes,No,23,Yes,No,DSL,Yes,No,No,No,No,No,Two year,Yes,Electronic check,57.94,1274.49,0.4967469849985326,0
C102299,Female,1,No,No,66,Yes,No,DSL,Yes,No,Yes,Yes,Yes,No,One year,Yes,Electronic check,78.04,5165.28,0.2504324523959712,0
C102300,Male,1,Yes,No,6,Yes,Yes,DSL,No,No,Yes,No,No,No,Month-to-month,Yes,Credit card (automatic),56.42,322.87,0.8060829662215413,1
C102301,Male,0,No,No,16,Yes,No,DSL,No,No,No,Yes,No,No,One year,No,Electronic check,59.64,939.09,0.3234015018628854,0
C102302,Female,0,No,No,24,Yes,Yes,Fiber optic,Yes,Yes,Yes,Yes,Yes,No,Month-to-month,Yes,Electronic check,99.53,2386.36,0.841121538671802,1
C102303,Female,0,Yes,No,14,Yes,Yes,Fiber optic,No,Yes,Yes,No,Yes,No,Month-to-month,Yes,Bank transfer (automatic),90.06,1273.24,0.8877771385810388,1
C102304,Female,0,Yes,No,42,Yes,No,Fiber optic,Yes,No,No,Yes,No,No,Month-to-month,Yes,Bank transfer (automatic),82.18,3499.37,0.49767774480091576,0
C102305,Male,0,Yes,Yes,51,Yes,No,No,No internet service,No internet service,No internet service,No internet service,No internet service,No internet service,Month-to-month,Yes,Bank transfer (automatic),28.32,1413.25,0.2586667841733419,0
C102306,Male,0,Yes,No,64,Yes,No,DSL,No,No,No,No,No,No,Month-to-month,Yes,Credit card (automatic),54.87,3494.86,0.4337365435772717,0
C102307,Male,1,No,No,36,Yes,Yes,No,No internet service,No internet service,No internet service,No internet service,No internet service,No internet service,Month-to-month,Yes,Mailed check,33.73,1218.79,0.32295737850631917,0
C102308,Male,0,No,Yes,44,Yes,No,Fiber optic,No,Yes,No,No,No,No,Month-to-month,No,Electronic check,77.9,3413.12,0.6956359729529126,1
C102309,Female,0,No,No,43,Yes,Yes,No,No internet service,No internet service,No internet service,No internet service,No internet service,No internet service,Month-to-month,Yes,Electronic check,35.3,1534.68,0.43841534217321676,0
C102310,Male,0,No,No,0,No,No phone service,Fiber optic,Yes,No,No,Yes,No,No,Month-to-month,No,Bank transfer (automatic),73.32,0.0,0.566753055204118,1
C102311,Male,0,Yes,Yes,51,Yes,Yes,DSL,No,No,No,No,Yes,No,Month-to-month,Yes,Mailed check,64.16,3290.05,0.6172765299377698,1
C102312,Female,1,Yes,No,1,Yes,No,DSL,No,No,Yes,Yes,Yes,Yes,One year,Yes,Credit card (automatic),74.32,69.35,0.5603152982757087,1
C102313,Male,0,Yes,Yes,39,Yes,Yes,No,No internet service,No internet service,No internet service,No internet service,No internet service,No internet service,Month-to-month,No,Bank transfer (automatic),29.48,1160.81,0.2287268862234384,0
C102314,Male,1,Yes,No,71,Yes,Yes,Fiber optic,No,Yes,No,No,No,No,Month-to-month,No,Mailed check,76.25,5394.38,0.44455734868852853,0
C102315,Male,0,No,No,56,Yes,No,No,No internet service,No internet service,No internet service,No internet service,No internet service,No internet service,Month-to-month,Yes,Credit card (automatic),31.75,1816.67,0.198223055048263,0
C102316,Male,1,No,No,36,Yes,No,Fiber optic,No,Yes,No,No,No,No,Month-to-month,Yes,Credit card (automatic),72.75,2584.84,0.742446410416417,1
C102317,Male,0,Yes,No,22,Yes,No,DSL,No,Yes,No,No,Yes,No,One year,Yes,Bank transfer (automatic),66.43,1447.31,0.4601805206835292,0
C102318,Female,0,Yes,No,60,Yes,No,DSL,No,No,No,Yes,No,No,One year,Yes,Bank transfer (automatic),59.01,3512.39,0.17930246584139278,0
C102319,Female,0,Yes,No,61,Yes,No,No,No internet service,No internet service,No internet service,No internet service,No internet service,No internet service,One year,Yes,Electronic check,28.4,1748.34,0.13567897668912537,0
C102320,Male,0,No,No,26,Yes,Yes,DSL,Yes,No,Yes,No,No,No,Month-to-month,Yes,Bank transfer (automatic),70.52,1844.31,0.6001941708487198,1
C102321,Male,0,Yes,No,7,Yes,No,Fiber optic,No,Yes,No,No,Yes,Yes,Month-to-month,Yes,Electronic check,87.92,591.06,0.9180748352800288,1
C102322,Male,0,Yes,No,41,Yes,No,No,No internet service,No internet service,No internet service,No internet service,No internet service,No internet service,One year,Yes,Bank transfer (automatic),29.23,1218.53,0.0969452924650851,0
C102323,Female,0,Yes,No,45,Yes,No,DSL,Yes,Yes,Yes,No,Yes,Yes,Two year,No,Credit card (automatic),77.92,3492.59,0.23580231735868054,0
C102324,Female,0,No,No,67,Yes,No,DSL,Yes,No,Yes,No,No,No,Month-to-month,Yes,Bank transfer (automatic),66.37,4454.69,0.3554808987084233,0
C102325,Female,0,No,No,64,Yes,No,Fiber optic,No,Yes,No,No,No,No,One year,No,Electronic check,76.19,4888.68,0.30127754733339,0
C102326,Male,0,No,Yes,16,Yes,No,Fiber optic,No,No,Yes,No,Yes,Yes,Month-to-month,Yes,Electronic check,87.6,1396.67,0.9071924325712506,1
C102327,Male,0,Yes,Yes,18,Yes,Yes,Fiber optic,Yes,No,Yes,No,No,No,Two year,No,Credit card (automatic),81.56,1486.19,0.45715996366811784,0
C102328,Male,0,Yes,No,71,Yes,No,DSL,Yes,No,No,Yes,Yes,No,Month-to-month,No,Electronic check,69.26,4914.83,0.28530164870057256,0
C102329,Male,0,No,Yes,23,Yes,No,DSL,Yes,Yes,Yes,No,No,Yes,Month-to-month,Yes,Bank transfer (automatic),73.96,1707.92,0.6339615451688227,1
C102330,Male,0,Yes,No,33,Yes,No,DSL,Yes,No,No,Yes,No,Yes,Month-to-month,Yes,Credit card (automatic),75.52,2486.64,0.39809666443902225,0
C102331,Female,0,Yes,No,21,Yes,No,DSL,No,No,Yes,Yes,No,Yes,One year,Yes,Electronic check,68.73,1405.91,0.48067342216865533,0
C102332,Male,0,No,No,28,Yes,No,DSL,No,No,No,No,No,No,One year,No,Bank transfer (automatic),55.12,1540.85,0.22488348391968663,0
C102333,Female,0,Yes,Yes,40,Yes,Yes,Fiber optic,Yes,No,No,Yes,No,Yes,One year,Yes,Electronic check,94.09,3746.11,0.4499294623511166,0
C102334,Female,1,Yes,No,21,Yes,No,DSL,No,No,No,No,Yes,Yes,One year,No,Bank transfer (automatic),66.24,1418.87,0.37650511647266127,0
C102335,Female,0,No,No,29,Yes,No,Fiber optic,Yes,Yes,No,No,No,No,Month-to-month,No,Electronic check,78.68,2254.47,0.683887115167813,1
C102336,Male,0,No,Yes,25,Yes,No,No,No internet service,No internet service,No internet service,No internet service,No internet service,No internet service,Month-to-month,Yes,Electronic check,26.62,690.1,0.4765308680844293,0
C102337,Female,0,Yes,No,7,Yes,No,Fiber optic,No,No,No,Yes,Yes,No,Two year,No,Electronic check,83.56,581.33,0.6663179168140614,1
C102338,Male,0,Yes,No,56,Yes,No,Fiber optic,No,No,Yes,Yes,Yes,No,Month-to-month,No,Credit card (automatic),84.15,4720.44,0.4093746257554606,0
C102339,Male,0,No,No,64,Yes,Yes,DSL,No,No,No,Yes,No,No,Month-to-month,No,Bank transfer (automatic),60.11,3819.67,0.2851882711137932,0
C102340,Male,0,Yes,No,35,Yes,Yes,Fiber optic,Yes,No,No,No,No,No,Month-to-month,Yes,Credit card (automatic),75.62,2640.39,0.6428913240515294,1
C102341,Male,0,Yes,Yes,14,No,No phone service,DSL,No,No,No,Yes,No,No,Month-to-month,Yes,Bank transfer (automatic),51.52,708.0,0.6404070998507512,1
C102342,Female,0,No,No,46,Yes,No,DSL,No,Yes,No,No,No,No,Month-to-month,Yes,Credit card (automatic),55.05,2574.35,0.5805865159457955,1
C102343,Female,0,No,No,38,Yes,No,Fiber optic,No,Yes,No,No,Yes,No,One year,Yes,Bank transfer (automatic),76.54,2894.56,0.5144097568507411,1
C102344,Female,0,No,Yes,39,Yes,Yes,DSL,Yes,No,No,No,No,No,One year,Yes,Mailed check,64.4,2534.6,0.27638695316325135,0
C102345,Male,1,Yes,No,42,Yes,Yes,DSL,No,No,Yes,Yes,Yes,Yes,Month-to-month,No,Bank transfer (automatic),79.82,3375.75,0.4988827680954956,0
C102346,Male,1,Yes,No,51,Yes,Yes,Fiber optic,No,Yes,Yes,Yes,Yes,No,Month-to-month,Yes,Electronic check,90.72,4649.25,0.8132444589534417,1
C102347,Female,1,No,No,2,Yes,No,Fiber optic,No,No,No,Yes,No,No,Two year,Yes,Credit card (automatic),75.2,138.52,0.6674904368301567,1
C102348,Male,1,No,No,7,No,No phone service,DSL,No,No,No,Yes,No,Yes,One year,Yes,Credit card (automatic),61.35,465.52,0.3889637601060833,0
C102349,Female,0,Yes,No,6,Yes,Yes,DSL,No,No,No,No,No,Yes,Two year,No,Electronic check,67.2,443.47,0.6149992655362402,1
C102350,Female,0,No,No,11,Yes,No,DSL,No,Yes,No,Yes,No,No,Month-to-month,Yes,Credit card (automatic),64.73,719.39,0.6706435848071463,1
C102351,Female,0,Yes,Yes,69,Yes,No,Fiber optic,Yes,Yes,Yes,Yes,No,No,Two year,Yes,Electronic check,91.04,6272.48,0.34765096843726234,0
C102352,Female,0,No,Yes,52,Yes,No,Fiber optic,Yes,No,No,No,Yes,Yes,Two year,Yes,Bank transfer (automatic),87.3,4522.52,0.41305024350554914,0
C102353,Male,0,No,No,47,Yes,Yes,DSL,No,No,No,No,Yes,No,Month-to-month,Yes,Credit card (automatic),59.56,2808.97,0.631178105422208,1
C102354,Male,1,Yes,No,50,Yes,No,Fiber optic,Yes,Yes,No,No,No,Yes,One year,Yes,Electronic check,80.12,4007.15,0.44906776858121483,0
C102355,Male,0,No,No,2,Yes,No,No,No internet service,No internet service,No internet service,No internet service,No internet service,No internet service,Month-to-month,Yes,Electronic check,27.73,59.11,0.5235537631962871,1
C102356,Male,0,No,Yes,15,No,No phone service,Fiber optic,No,No,No,No,Yes,No,One year,Yes,Credit card (automatic),62.06,903.95,0.6067317106484572,1
C102357,Male,0,Yes,No,57,Yes,Yes,Fiber optic,No,No,No,Yes,No,No,Two year,Yes,Mailed check,79.68,4542.36,0.30384516858759614,0
C102358,Female,0,Yes,Yes,33,No,No phone service,Fiber optic,No,No,No,No,No,No,Month-to-month,Yes,Mailed check,58.63,1957.51,0.7216568321454634,1
C102359,Male,0,No,Yes,36,No,No phone service,Fiber optic,Yes,No,No,No,No,No,Month-to-month,No,Credit card (automatic),66.06,2394.58,0.47387195981287267,0
C102360,Female,0,Yes,Yes,54,Yes,Yes,No,No internet service,No internet service,No internet service,No internet service,No internet service,No internet service,Month-to-month,Yes,Electronic check,34.1,1833.21,0.4400840023207161,0
C102361,Female,0,Yes,No,5,Yes,No,DSL,No,No,Yes,No,No,No,One year,No,Electronic check,60.73,301.44,0.4983740635646129,0
C102362,Female,0,Yes,No,57,Yes,No,DSL,No,No,Yes,Yes,No,No,One year,Yes,Credit card (automatic),62.67,3543.02,0.18867775448683308,0
C102363,Male,1,No,Yes,49,Yes,Yes,DSL,No,No,No,No,No,No,Month-to-month,Yes,Bank transfer (automatic),59.29,2891.86,0.655535496482248,1
C102364,Female,0,Yes,Yes,29,No,No phone service,Fiber optic,No,Yes,No,No,No,No,Two year,No,Bank transfer (automatic),61.61,1779.93,0.4840751270206642,0
C102365,Male,0,No,No,35,Yes,Yes,DSL,Yes,No,No,Yes,Yes,Yes,Month-to-month,Yes,Electronic check,82.78,2909.91,0.6489142492993719,1
C102366,Male,0,Yes,No,5,No,No phone service,No,No internet service,No internet service,No internet service,No internet service,No internet service,No internet service,Month-to-month,Yes,Credit card (automatic),23.06,101.16,0.34867714307069275,0
C102367,Male,0,Yes,No,14,Yes,Yes,DSL,No,No,No,No,No,Yes,Month-to-month,Yes,Electronic check,65.81,900.59,0.8284780266494335,1
C102368,Male,0,No,Yes,17,Yes,No,Fiber optic,Yes,No,No,Yes,No,No,Two year,No,Electronic check,80.56,1384.63,0.4610616424856213,0
C102369,Male,1,Yes,No,63,Yes,Yes,DSL,No,No,No,No,Yes,Yes,One year,Yes,Electronic check,71.42,4490.81,0.44588510442040097,0
C102370,Male,0,Yes,No,8,Yes,No,Fiber optic,Yes,No,Yes,Yes,No,No,One year,Yes,Bank transfer (automatic),81.17,632.56,0.41531544632012973,0
C102371,Female,0,Yes,No,20,Yes,No,Fiber optic,Yes,Yes,No,No,No,Yes,Two year,Yes,Electronic check,80.6,1628.31,0.681203958317993,1
C102372,Male,0,No,Yes,9,Yes,No,Fiber optic,Yes,No,Yes,No,Yes,Yes,Month-to-month,Yes,Electronic check,92.17,838.68,0.8895006498063568,1
C102373,Male,0,Yes,No,20,Yes,No,Fiber optic,Yes,Yes,No,No,No,Yes,Month-to-month,Yes,Bank transfer (automatic),88.27,1761.24,0.7035853785370578,1
C102374,Female,0,Yes,No,0,Yes,No,Fiber optic,No,Yes,No,No,Yes,Yes,One year,No,Bank transfer (automatic),82.92,0.0,0.6023892541842597,1
C102375,Female,0,Yes,Yes,19,Yes,No,Fiber optic,No,No,No,No,No,Yes,Month-to-month,No,Electronic check,76.04,1452.31,0.8071717420545436,1
C102376,Female,1,Yes,No,52,Yes,No,No,No internet service,No internet service,No internet service,No internet service,No internet service,No internet service,Month-to-month,No,Bank transfer (automatic),31.1,1627.83,0.18165189449098287,0
C102377,Male,0,Yes,No,55,Yes,No,Fiber optic,Yes,No,No,Yes,No,No,Month-to-month,Yes,Mailed check,79.46,4374.68,0.3629680940180538,0
C102378,Female,0,No,No,27,Yes,Yes,Fiber optic,Yes,No,No,No,Yes,Yes,Month-to-month,Yes,Electronic check,89.15,2409.5,0.8493084190457206,1
C102379,Female,0,Yes,No,50,Yes,No,Fiber optic,No,No,No,Yes,No,No,Month-to-month,Yes,Electronic check,77.53,3864.52,0.6848854168210089,1
C102380,Male,0,Yes,No,44,Yes,Yes,No,No internet service,No internet service,No internet service,No internet service,No internet service,No internet service,Month-to-month,Yes,Credit card (automatic),33.27,1452.97,0.2764447608400508,0
C102381,Male,1,No,No,65,Yes,No,Fiber optic,Yes,No,Yes,Yes,No,No,Two year,Yes,Bank transfer (automatic),85.28,5539.85,0.2240496310934655,0
C102382,Female,0,No,Yes,57,Yes,Yes,No,No internet service,No internet service,No internet service,No internet service,No internet service,No internet service,Month-to-month,Yes,Electronic check,30.54,1721.8,0.43468210076163966,0
C102383,Male,0,Yes,No,16,Yes,Yes,Fiber optic,No,No,Yes,No,Yes,No,Two year,Yes,Mailed check,82.92,1305.19,0.6948858480202318,1
C102384,Male,0,Yes,Yes,42,Yes,No,DSL,Yes,No,Yes,Yes,No,No,Month-to-month,No,Electronic check,69.01,2896.42,0.4252265020613176,0
C102385,Female,0,Yes,No,56,Yes,No,DSL,No,Yes,Yes,No,No,Yes,Two year,No,Bank transfer (automatic),68.14,3835.58,0.22765843979643557,0
C102386,Female,0,No,Yes,22,Yes,No,Fiber optic,No,No,Yes,No,No,Yes,Month-to-month,No,Bank transfer (automatic),78.65,1688.76,0.7032627065915832,1
C102387,Female,0,Yes,No,41,Yes,No,Fiber optic,Yes,No,No,No,No,No,Month-to-month,Yes,Electronic check,74.93,3064.38,0.7203086200235015,1
C102388,Female,0,Yes,No,28,Yes,No,Fiber optic,No,Yes,No,Yes,Yes,No,Month-to-month,No,Credit card (automatic),83.83,2352.67,0.6235964879345207,1
C102389,Female,0,Yes,Yes,22,Yes,No,No,No internet service,No internet service,No internet service,No internet service,No internet service,No internet service,Month-to-month,Yes,Mailed check,30.03,682.11,0.3405408975780038,0
C102390,Male,0,Yes,Yes,14,Yes,No,Fiber optic,No,Yes,Yes,No,Yes,Yes,Two year,Yes,Electronic check,89.09,1283.22,0.8398857492098329,1
C102391,Male,0,Yes,No,2,Yes,No,DSL,No,Yes,No,No,Yes,No,Month-to-month,Yes,Electronic check,62.67,120.18,0.8812820429264142,1
C102392,Female,0,Yes,Yes,53,Yes,Yes,Fiber optic,No,No,No,No,No,Yes,Month-to-month,Yes,Electronic check,74.13,3968.26,0.8094191632118976,1
C102393,Male,0,No,No,58,Yes,No,DSL,No,No,No,Yes,No,Yes,One year,Yes,Credit card (automatic),69.37,4032.49,0.14887610116174954,0
C102394,Male,0,No,No,46,Yes,No,Fiber optic,No,No,No,Yes,No,Yes,One year,No,Mailed check,83.87,3874.11,0.15000932869726744,0
C102395,Female,0,No,No,17,Yes,No,No,No internet service,No internet service,No internet service,No internet service,No internet service,No internet service,Month-to-month,Yes,Credit card (automatic),27.99,454.49,0.34629190627611006,0
C102396,Female,0,No,No,1,Yes,Yes,DSL,No,Yes,No,No,No,No,Month-to-month,No,Electronic check,63.7,72.77,0.8189889817078578,1
C102397,Male,0,Yes,Yes,45,Yes,Yes,Fiber optic,Yes,No,No,Yes,Yes,No,Month-to-month,Yes,Electronic check,87.44,3952.72,0.7344387468819173,1
C102398,Male,0,No,No,14,Yes,Yes,Fiber optic,No,No,No,Yes,No,No,Month-to-month,No,Mailed check,78.23,1081.46,0.6115139189865186,1
C102399,Female,1,No,No,39,Yes,No,DSL,No,No,No,No,Yes,Yes,One year,No,Mailed check,65.67,2509.19,0.26005032684874824,0
C102400,Male,0,No,No,69,Yes,No,Fiber optic,Yes,No,Yes,No,Yes,Yes,Month-to-month,Yes,Electronic check,90.31,6234.1,0.5903307303069868,1
C102401,Female,0,No,No,0,Yes,No,Fiber optic,Yes,No,No,Yes,No,Yes,Two year,No,Electronic check,88.62,0.0,0.556743558191102,1
C102402,Female,0,Yes,No,41,Yes,Yes,Fiber optic,Yes,No,Yes,No,Yes,No,One year,No,Credit card (automatic),87.0,3593.69,0.2920896911807155,0
C102403,Female,0,Yes,Yes,71,Yes,No,DSL,No,No,No,Yes,Yes,No,One year,Yes,Bank transfer (automatic),66.15,4685.95,0.1986661663969992,0
C102404,Male,0,Yes,No,24,No,No phone service,DSL,Yes,No,Yes,Yes,No,No,Two year,No,Electronic check,61.86,1470.49,0.2854284221730032,0
C102405,Female,0,Yes,Yes,58,Yes,No,Fiber optic,Yes,No,No,Yes,No,Yes,Two year,No,Credit card (automatic),87.15,5031.52,0.1560565080109944,0
C102406,Male,0,Yes,Yes,59,Yes,No,DSL,Yes,No,Yes,Yes,No,Yes,One year,Yes,Mailed check,74.52,4384.11,0.11647782708385908,0
C102407,Female,0,Yes,No,35,Yes,Yes,DSL,No,Yes,No,No,Yes,Yes,One year,Yes,Credit card (automatic),74.6,2664.4,0.4536216049551428,0
C102408,Male,1,Yes,No,22,Yes,No,No,No internet service,No internet service,No internet service,No internet service,No internet service,No internet service,Two year,Yes,Credit card (automatic),32.48,682.86,0.19284356083611123,0
C102409,Male,0,No,No,48,Yes,No,Fiber optic,Yes,No,No,Yes,Yes,No,Month-to-month,Yes,Electronic check,89.64,4276.0,0.6270251544566314,1
C102410,Female,0,No,Yes,44,Yes,Yes,Fiber optic,Yes,No,No,No,Yes,No,One year,No,Credit card (automatic),80.69,3549.2,0.30187692805058086,0
C102411,Male,1,No,Yes,34,Yes,No,No,No internet service,No internet service,No internet service,No internet service,No internet service,No internet service,One year,No,Electronic check,26.81,951.16,0.14899341289598153,0
C102412,Female,1,Yes,No,13,No,No phone service,DSL,Yes,No,No,No,Yes,No,One year,No,Electronic check,58.5,775.3,0.45109008414703394,0
C102413,Female,0,No,No,53,No,No phone service,DSL,No,No,No,Yes,No,No,Two year,Yes,Bank transfer (automatic),50.28,2695.95,0.2591436347343543,0
C102414,Male,0,No,Yes,15,Yes,Yes,Fiber optic,Yes,No,No,No,Yes,No,One year,Yes,Bank transfer (automatic),78.5,1169.8,0.5935161076831875,1
C102415,Male,0,No,No,9,No,No phone service,Fiber optic,No,No,No,No,No,No,One year,Yes,Electronic check,58.18,495.78,0.6765765347422892,1
C102416,Female,0,No,No,4,No,No phone service,DSL,Yes,Yes,No,No,Yes,No,Two year,Yes,Electronic check,58.9,226.63,0.6936649838871809,1
C102417,Male,0,No,No,32,Yes,Yes,Fiber optic,Yes,No,No,Yes,No,No,One year,No,Electronic check,83.22,2660.5,0.30948090001439343,0
C102418,Male,0,Yes,No,8,Yes,No,DSL,No,Yes,No,No,Yes,Yes,Month-to-month,Yes,Electronic check,72.91,583.52,0.8673802832064024,1
C102419,Male,0,No,No,24,Yes,No,Fiber optic,No,Yes,No,Yes,Yes,No,Month-to-month,Yes,Electronic check,83.68,2003.97,0.8412053793112495,1
C102420,Male,0,No,Yes,17,Yes,No,Fiber optic,No,No,No,Yes,Yes,No,Month-to-month,Yes,Electronic check,84.34,1445.57,0.8651900000363568,1
C102421,Female,0,Yes,No,33,Yes,No,Fiber optic,Yes,No,No,No,No,Yes,Month-to-month,No,Credit card (automatic),81.71,2682.29,0.4823800031158185,0
C102422,Male,0,Yes,No,55,Yes,No,DSL,No,No,No,Yes,No,No,One year,Yes,Credit card (automatic),57.78,3159.56,0.17256548146649003,0
C102423,Female,0,Yes,Yes,32,Yes,Yes,DSL,No,Yes,No,No,No,No,Two year,Yes,Credit card (automatic),61.2,1934.35,0.5439260582523598,1
C102424,Male,0,Yes,Yes,40,Yes,Yes,No,No internet service,No internet service,No internet service,No internet service,No internet service,No internet service,Month-to-month,Yes,Electronic check,34.24,1373.57,0.4682686616714215,0
C102425,Female,1,No,No,10,Yes,No,No,No internet service,No internet service,No internet service,No internet service,No internet service,No internet service,Two year,Yes,Electronic check,30.1,303.1,0.372992814647097,0
C102426,Male,0,No,No,8,Yes,No,Fiber optic,No,No,No,Yes,Yes,No,One year,Yes,Bank transfer (automatic),82.95,685.41,0.5493496463351621,1
C102427,Male,0,Yes,No,70,Yes,No,DSL,No,No,Yes,No,No,No,Two year,No,Bank transfer (automatic),57.53,4058.14,0.1572780175390512,0
C102428,Female,0,Yes,No,44,No,No phone service,Fiber optic,No,No,No,No,No,Yes,Month-to-month,Yes,Bank transfer (automatic),67.39,2940.88,0.662653990159195,1
C102429,Male,0,Yes,No,1,Yes,No,DSL,No,Yes,No,Yes,No,No,Month-to-month,Yes,Electronic check,64.0,64.47,0.8088820445510311,1
C102430,Male,0,Yes,Yes,40,Yes,Yes,DSL,Yes,No,No,No,No,No,One year,No,Credit card (automatic),69.37,2770.51,0.17078876105188112,0
C102431,Female,0,No,No,0,Yes,Yes,DSL,No,Yes,No,Yes,No,No,One year,No,Mailed check,64.7,0.0,0.34454731279498635,0
C102432,Male,0,No,No,5,Yes,No,DSL,No,No,Yes,Yes,No,Yes,Two year,No,Mailed check,77.74,378.16,0.3077063908447966,0
C102433,Male,0,No,No,26,No,No phone service,DSL,No,Yes,Yes,No,No,No,Two year,Yes,Bank transfer (automatic),50.62,1347.51,0.4690876612231931,0
C102434,Male,0,Yes,Yes,47,Yes,No,DSL,Yes,Yes,No,No,No,No,Month-to-month,No,Electronic check,67.18,3144.71,0.48960759335514753,0
C102435,Female,0,No,Yes,44,Yes,Yes,Fiber optic,Yes,No,Yes,No,Yes,No,Month-to-month,No,Electronic check,90.07,3947.04,0.719986043679288,1
C102436,Female,0,No,No,56,Yes,No,Fiber optic,Yes,No,Yes,Yes,Yes,Yes,One year,Yes,Credit card (automatic),94.73,5303.62,0.2150167356293654,0
C102437,Female,1,Yes,Yes,12,Yes,Yes,Fiber optic,No,No,No,Yes,Yes,Yes,Month-to-month,Yes,Bank transfer (automatic),92.5,1128.22,0.8796019420961535,1
C102438,Female,0,No,Yes,13,Yes,No,DSL,No,No,Yes,No,Yes,No,Two year,Yes,Electronic check,63.76,822.79,0.7619046465118918,1
C102439,Male,0,No,No,38,Yes,Yes,Fiber optic,Yes,No,No,Yes,No,No,One year,No,Electronic check,84.69,3220.66,0.2763734800546282,0
C102440,Male,0,No,No,62,Yes,No,DSL,Yes,No,Yes,No,No,No,Two year,Yes,Electronic check,64.37,3945.23,0.3074072218922231,0
C102441,Male,0,Yes,No,52,Yes,No,DSL,Yes,No,Yes,No,No,Yes,Two year,No,Credit card (automatic),69.13,3606.04,0.1414630427789519,0
C102442,Male,0,Yes,Yes,48,Yes,No,Fiber optic,No,No,No,No,No,No,Month-to-month,No,Credit card (automatic),68.92,3312.53,0.5147841264509132,1
C102443,Male,0,No,Yes,6,Yes,Yes,Fiber optic,No,No,No,No,No,No,Month-to-month,No,Bank transfer (automatic),73.85,460.81,0.7792910625992436,1
C102444,Female,0,Yes,No,63,Yes,No,Fiber optic,Yes,Yes,No,No,Yes,Yes,One year,Yes,Credit card (automatic),88.74,5553.3,0.26036917637806417,0
C102445,Female,0,Yes,No,70,Yes,No,Fiber optic,No,No,Yes,No,Yes,Yes,Two year,No,Mailed check,83.83,5862.38,0.23179415142786103,0
C102446,Female,0,No,Yes,41,Yes,Yes,DSL,No,No,No,No,No,No,One year,Yes,Credit card (automatic),60.39,2495.17,0.3759306581396537,0
C102447,Female,0,Yes,No,24,Yes,No,DSL,No,No,No,Yes,No,No,Month-to-month,No,Mailed check,62.07,1478.56,0.4108361829479231,0
C102448,Female,0,Yes,Yes,47,Yes,No,Fiber optic,No,No,No,No,No,Yes,One year,Yes,Credit card (automatic),72.73,3419.49,0.4008386720972502,0
C102449,Male,0,No,Yes,46,Yes,No,DSL,Yes,No,Yes,Yes,No,No,Month-to-month,Yes,Credit card (automatic),67.49,3096.43,0.392771950654485,0
C102450,Female,1,No,Yes,66,Yes,No,DSL,Yes,No,Yes,Yes,Yes,No,Month-to-month,Yes,Mailed check,70.66,4655.77,0.3986854668992248,0
C102451,Female,0,No,No,7,Yes,No,DSL,Yes,No,No,No,No,No,Two year,No,Electronic check,62.27,459.26,0.45721551090098156,0
C102452,Male,0,No,Yes,37,Yes,No,No,No internet service,No internet service,No internet service,No internet service,No internet service,No internet service,Month-to-month,No,Electronic check,31.72,1145.23,0.295282811893841,0
C102453,Male,0,Yes,No,51,Yes,No,DSL,No,No,No,Yes,No,No,Month-to-month,Yes,Electronic check,58.28,2971.18,0.5689062059618465,1
C102454,Female,0,Yes,No,25,Yes,No,DSL,No,Yes,No,No,No,No,Month-to-month,Yes,Electronic check,60.62,1520.64,0.7945060290139349,1
C102455,Male,0,No,No,60,Yes,No,No,No internet service,No internet service,No internet service,No internet service,No internet service,No internet service,Two year,No,Mailed check,34.96,2116.59,0.04826739858328012,0
C102456,Female,0,Yes,Yes,4,Yes,Yes,Fiber optic,Yes,No,No,No,No,Yes,Month-to-month,Yes,Bank transfer (automatic),80.15,318.17,0.8396970552695568,1
C102457,Female,0,Yes,Yes,7,Yes,No,Fiber optic,No,No,No,No,Yes,Yes,Month-to-month,Yes,Electronic check,80.46,582.61,0.9280639823842612,1
C102458,Male,0,Yes,Yes,56,Yes,No,Fiber optic,No,Yes,No,No,Yes,Yes,Month-to-month,No,Credit card (automatic),82.1,4596.34,0.5484081333443532,1
C102459,Male,0,No,No,9,Yes,Yes,DSL,No,Yes,No,Yes,Yes,No,One year,Yes,Electronic check,76.37,689.73,0.6454991433700543,1
C102460,Male,1,Yes,No,30,Yes,Yes,Fiber optic,No,No,No,Yes,No,No,Month-to-month,Yes,Electronic check,78.76,2364.42,0.829338454890199,1
C102461,Male,0,No,Yes,20,Yes,Yes,DSL,Yes,No,Yes,Yes,No,Yes,Two year,Yes,Electronic check,78.0,1573.2,0.538510740280495,1
C102462,Male,1,Yes,No,49,Yes,Yes,No,No internet service,No internet service,No internet service,No internet service,No internet service,No internet service,Two year,Yes,Credit card (automatic),33.57,1655.69,0.16119203361138396,0
C102463,Female,0,No,No,0,Yes,No,DSL,No,No,No,No,No,No,Month-to-month,No,Mailed check,53.61,0.0,0.6077703555452516,1
C102464,Male,1,Yes,Yes,25,Yes,No,Fiber optic,No,Yes,Yes,No,No,No,Month-to-month,Yes,Electronic check,77.0,1929.24,0.8966031399621549,1
C102465,Male,0,Yes,Yes,70,Yes,No,Fiber optic,No,Yes,No,Yes,Yes,No,Month-to-month,Yes,Electronic check,86.69,6078.9,0.6583799969526897,1
C102466,Male,0,No,Yes,26,Yes,No,DSL,No,No,No,Yes,No,Yes,Month-to-month,Yes,Mailed check,65.47,1731.58,0.5503376566417376,1
C102467,Female,0,No,Yes,43,Yes,No,DSL,No,Yes,No,Yes,Yes,No,Month-to-month,Yes,Credit card (automatic),69.83,2982.41,0.6057422937370398,1
C102468,Male,1,Yes,No,71,Yes,No,Fiber optic,No,No,Yes,No,No,No,One year,Yes,Bank transfer (automatic),73.61,5236.99,0.28511521625868863,0
C102469,Male,0,Yes,Yes,43,Yes,No,DSL,Yes,No,No,Yes,Yes,Yes,Month-to-month,Yes,Mailed check,78.23,3356.86,0.4184251119653872,0
C102470,Female,0,Yes,No,54,Yes,No,No,No internet service,No internet service,No internet service,No internet service,No internet service,No internet service,Month-to-month,No,Mailed check,31.5,1705.06,0.12921120439789618,0
C102471,Male,0,Yes,No,69,Yes,No,DSL,No,Yes,Yes,No,No,Yes,Month-to-month,Yes,Electronic check,70.46,4840.14,0.5758742071811487,1
C102472,Male,1,No,No,44,Yes,No,Fiber optic,Yes,No,Yes,Yes,No,Yes,Month-to-month,No,Bank transfer (automatic),87.25,3838.78,0.38617273858940077,0
C102473,Male,0,Yes,No,59,Yes,No,Fiber optic,Yes,Yes,No,Yes,Yes,No,Month-to-month,No,Mailed check,94.52,5583.05,0.27644576789516756,0
C102474,Male,0,No,No,36,Yes,Yes,Fiber optic,Yes,No,Yes,No,No,Yes,Month-to-month,Yes,Bank transfer (automatic),88.15,3153.92,0.6514650851276257,1
C102475,Male,0,Yes,No,58,Yes,No,Fiber optic,No,No,No,No,No,Yes,One year,No,Electronic check,75.17,4388.88,0.2860947159059161,0
C102476,Female,1,No,No,46,Yes,No,Fiber optic,No,No,No,Yes,Yes,No,Month-to-month,No,Electronic check,79.74,3637.21,0.6846955918248964,1
C102477,Male,0,Yes,No,24,Yes,No,Fiber optic,Yes,No,No,Yes,Yes,No,Month-to-month,Yes,Bank transfer (automatic),91.97,2218.1,0.6378337533466246,1
C102478,Male,0,Yes,Yes,40,No,No phone service,Fiber optic,No,Yes,No,Yes,No,No,Two year,Yes,Bank transfer (automatic),75.9,2987.42,0.4412266372245575,0
C102479,Male,0,Yes,No,24,Yes,No,Fiber optic,Yes,No,Yes,No,Yes,No,One year,No,Mailed check,89.67,2146.87,0.2860085667949752,0
C102480,Female,1,No,Yes,28,Yes,Yes,Fiber optic,No,Yes,No,No,Yes,No,Two year,Yes,Credit card (automatic),83.3,2342.09,0.7617439912579956,1
C102481,Female,1,No,No,21,Yes,No,DSL,Yes,No,Yes,No,No,No,Month-to-month,Yes,Credit card (automatic),64.86,1376.32,0.6427206245148833,1
C102482,Male,0,No,No,35,Yes,No,DSL,No,Yes,No,No,No,No,Month-to-month,Yes,Credit card (automatic),62.73,2193.36,0.5963104388236122,1
C102483,Male,0,Yes,No,24,Yes,No,Fiber optic,No,No,No,No,Yes,No,Month-to-month,Yes,Mailed check,75.4,1804.72,0.7595340129174204,1
C102484,Male,0,Yes,No,45,Yes,No,No,No internet service,No internet service,No internet service,No internet service,No internet service,No internet service,One year,Yes,Credit card (automatic),31.35,1422.25,0.08652609865204251,0
C102485,Male,1,Yes,Yes,26,Yes,No,DSL,No,Yes,No,Yes,No,No,Two year,No,Bank transfer (automatic),65.57,1723.78,0.3362227271373458,0
C102486,Male,0,Yes,No,35,Yes,No,Fiber optic,No,No,No,Yes,No,No,Month-to-month,Yes,Bank transfer (automatic),80.8,2855.48,0.6043795463930899,1
C102487,Male,0,No,No,10,Yes,No,DSL,No,Yes,No,No,No,Yes,Month-to-month,Yes,Bank transfer (automatic),68.59,660.09,0.72759169340372,1
C102488,Female,0,No,No,27,Yes,No,Fiber optic,Yes,Yes,No,No,No,No,Month-to-month,Yes,Electronic check,78.66,2119.67,0.7996850685176626,1
C102489,Male,0,No,No,25,Yes,No,Fiber optic,Yes,Yes,No,Yes,Yes,No,Month-to-month,No,Bank transfer (automatic),94.81,2326.45,0.5243112784048803,1
C102490,Male,0,No,Yes,69,Yes,No,Fiber optic,Yes,Yes,Yes,No,Yes,No,Month-to-month,Yes,Credit card (automatic),88.99,6112.99,0.513456965290182,1
C102491,Male,0,Yes,No,32,Yes,Yes,Fiber optic,No,No,No,No,No,No,Two year,Yes,Credit card (automatic),71.64,2278.26,0.557527187941326,1
C102492,Female,1,Yes,Yes,1,Yes,Yes,Fiber optic,No,No,No,No,No,Yes,Month-to-month,No,Mailed check,78.29,95.59,0.8293275712183683,1
C102493,Female,0,No,No,22,Yes,No,DSL,No,Yes,Yes,No,No,No,Month-to-month,No,Credit card (automatic),63.37,1384.49,0.5733164102444823,1
C102494,Male,0,Yes,No,52,Yes,No,Fiber optic,No,No,No,No,No,Yes,One year,Yes,Electronic check,74.04,3844.16,0.452923840230894,0
C102495,Male,0,Yes,No,11,No,No phone service,DSL,Yes,No,No,No,No,Yes,Month-to-month,No,Credit card (automatic),54.71,607.77,0.45096161579342514,0
C102496,Female,0,No,No,11,Yes,No,No,No internet service,No internet service,No internet service,No internet service,No internet service,No internet service,Two year,Yes,Bank transfer (automatic),26.39,276.9,0.21289912914774295,0
C102497,Female,1,No,No,26,Yes,Yes,Fiber optic,Yes,Yes,No,No,No,Yes,Month-to-month,Yes,Bank transfer (automatic),85.94,2194.65,0.7825822786941111,1
C102498,Male,0,No,No,25,Yes,No,DSL,No,No,Yes,No,Yes,Yes,Two year,Yes,Bank transfer (automatic),71.59,1774.74,0.5111444921725288,1
C102499,Female,0,Yes,No,34,Yes,No,DSL,Yes,No,Yes,No,No,Yes,Month-to-month,Yes,Credit card (automatic),72.61,2466.17,0.5191459116112285,1
